2.77778e-03,2.77778e-03,2.77778e-03,8.61111e-02,2.77778e-03,2.77778e-03,2.77778e-03,2.77778e-03,2.77778e-03,2.77778e-03,2.77778e-03,2.77778e-03,3.05556e-02,5.02778e-01,2.77778e-03,2.77778e-03,3.05556e-02,2.77778e-03,1.41667e-01,1.13889e-01,2.77778e-03,2.77778e-03,2.77778e-03,2.77778e-03,2.77778e-03,3.05556e-02,2.77778e-03,2.77778e-03,2.77778e-03,2.77778e-03
2.56410e-03,2.82051e-02,2.56410e-03,2.56410e-03,2.56410e-03,2.56410e-03,2.56410e-03,2.56410e-03,2.56410e-03,2.56410e-03,2.56410e-03,2.56410e-03,2.56410e-03,2.56410e-03,2.56410e-03,2.56410e-03,2.56410e-03,2.56410e-03,2.56410e-03,2.56410e-03,2.56410e-03,2.56410e-03,2.56410e-03,2.56410e-03,9.00000e-01,2.56410e-03,2.56410e-03,2.56410e-03,2.56410e-03,2.56410e-03
2.77778e-03,2.77778e-03,8.61111e-02,2.77778e-03,1.13889e-01,2.77778e-03,2.77778e-03,2.77778e-03,2.77778e-03,5.83333e-02,2.77778e-03,2.77778e-03,2.77778e-03,2.77778e-03,2.77778e-03,2.77778e-03,2.77778e-03,2.77778e-03,2.77778e-03,2.77778e-03,4.47222e-01,2.77778e-03,2.77778e-03,2.77778e-03,2.77778e-03,2.77778e-03,1.97222e-01,3.05556e-02,2.77778e-03,2.77778e-03
2.08333e-03,2.08333e-03,2.08333e-03,2.08333e-03,2.08333e-03,2.08333e-03,1.27083e-01,2.08333e-03,4.18750e-01,2.08333e-03,2.08333e-03,4.37500e-02,2.08333e-03,2.08333e-03,2.08333e-03,2.08333e-03,2.08333e-03,6.45833e-02,8.54167e-02,2.29167e-02,2.08333e-03,2.08333e-03,2.08333e-03,8.54167e-02,4.37500e-02,2.08333e-03,2.08333e-03,6.45833e-02,2.08333e-03,2.08333e-03
1.72414e-03,5.34483e-02,8.79310e-02,1.89655e-02,1.72414e-03,5.18966e-01,3.62069e-02,1.72414e-03,1.72414e-03,1.72414e-03,1.72414e-03,1.72414e-03,7.06897e-02,1.72414e-03,1.72414e-03,1.72414e-03,1.72414e-03,1.89655e-02,1.72414e-03,5.34483e-02,1.72414e-03,1.72414e-03,3.62069e-02,5.34483e-02,1.89655e-02,1.72414e-03,1.72414e-03,1.72414e-03,1.72414e-03,1.72414e-03
2.63158e-03,2.63158e-03,2.63158e-03,2.65789e-01,2.63158e-03,2.63158e-03,2.63158e-03,2.63158e-03,2.39474e-01,2.63158e-03,2.63158e-03,5.52632e-02,2.63158e-03,2.63158e-03,2.63158e-03,2.63158e-03,2.63158e-03,2.63158e-03,1.07895e-01,1.34211e-01,2.63158e-03,2.63158e-03,2.63158e-03,2.63158e-03,2.63158e-03,2.63158e-03,1.34211e-01,2.63158e-03,2.63158e-03,2.63158e-03
3.03030e-03,3.03030e-03,6.36364e-02,3.03030e-03,3.03030e-03,1.84848e-01,3.03030e-03,3.03030e-03,6.36364e-02,3.03030e-03,3.03030e-03,3.03030e-03,3.03030e-03,3.33333e-02,3.33333e-02,3.03030e-03,3.03030e-03,2.15152e-01,3.03030e-03,3.03030e-03,3.03030e-03,3.03030e-03,3.03030e-03,2.45455e-01,6.36364e-02,3.03030e-03,3.03030e-03,3.03030e-03,3.33333e-02,3.03030e-03
3.33333e-03,3.33333e-03,3.03333e-01,3.33333e-03,1.70000e-01,3.33333e-03,7.00000e-02,3.33333e-03,3.33333e-03,3.33333e-03,3.33333e-03,3.33333e-03,3.33333e-03,3.33333e-03,7.00000e-02,3.33333e-03,3.33333e-03,7.00000e-02,7.00000e-02,3.33333e-03,3.33333e-03,3.33333e-03,7.00000e-02,3.33333e-03,3.33333e-03,3.33333e-03,3.33333e-03,1.03333e-01,3.33333e-03,3.33333e-03
2.32558e-03,2.32558e-03,2.32558e-03,2.32558e-03,2.32558e-03,2.32558e-03,2.32558e-03,2.32558e-03,2.32558e-03,2.32558e-03,2.32558e-03,1.65116e-01,2.32558e-03,2.32558e-03,1.41860e-01,2.32558e-03,2.32558e-03,2.32558e-03,2.32558e-03,2.32558e-03,4.20930e-01,2.32558e-03,2.55814e-02,2.32558e-03,2.32558e-03,2.32558e-03,2.55814e-02,2.32558e-03,2.32558e-03,1.65116e-01
4.11765e-02,1.96078e-03,1.96078e-03,4.11765e-02,1.78431e-01,1.96078e-03,1.96078e-03,1.96078e-03,1.96078e-03,1.96078e-03,1.96078e-03,1.96078e-03,1.96078e-03,1.96078e-03,1.96078e-03,1.96078e-03,2.15686e-02,1.96078e-03,1.96078e-03,1.96078e-03,1.96078e-03,6.07843e-02,1.96078e-03,1.96078e-03,2.15686e-02,1.96078e-03,6.07843e-02,1.96078e-03,1.96078e-03,5.31373e-01
3.74074e-01,3.70370e-03,3.70370e-03,3.70370e-03,3.70370e-03,1.14815e-01,3.70370e-03,1.51852e-01,3.70370e-03,3.70370e-03,3.70370e-03,3.70370e-03,3.70370e-03,3.70370e-03,3.70370e-03,3.70370e-03,3.70370e-03,4.07407e-02,3.70370e-03,3.70370e-03,7.77778e-02,3.70370e-03,3.70370e-03,3.70370e-03,4.07407e-02,4.07407e-02,3.70370e-03,3.70370e-03,4.07407e-02,4.07407e-02
2.43902e-03,2.43902e-03,2.43902e-03,2.43902e-03,2.43902e-03,2.68293e-02,5.12195e-02,2.43902e-03,2.43902e-03,2.43902e-03,2.43902e-03,2.43902e-03,2.43902e-03,2.43902e-03,2.43902e-03,2.43902e-03,2.43902e-03,6.85366e-01,1.73171e-01,2.43902e-03,2.43902e-03,2.43902e-03,2.43902e-03,2.43902e-03,2.43902e-03,2.43902e-03,2.43902e-03,2.43902e-03,2.43902e-03,2.43902e-03
1.64865e-01,2.70270e-03,2.70270e-03,2.70270e-03,2.70270e-03,2.70270e-03,2.70270e-03,5.67568e-02,2.70270e-03,2.70270e-03,2.70270e-03,2.97297e-02,5.67568e-02,2.70270e-03,2.70270e-03,2.70270e-03,2.70270e-03,1.37838e-01,2.97297e-02,2.70270e-03,4.35135e-01,2.70270e-03,2.70270e-03,2.70270e-03,2.97297e-02,2.70270e-03,2.70270e-03,2.70270e-03,2.70270e-03,2.70270e-03
3.03030e-03,3.03030e-03,3.03030e-03,1.24242e-01,3.03030e-03,3.03030e-03,3.33333e-02,3.03030e-03,3.03030e-03,3.03030e-03,3.03030e-03,1.54545e-01,3.03030e-03,3.03030e-03,3.33333e-02,9.39394e-02,3.03030e-03,3.03030e-03,1.54545e-01,3.33333e-02,3.03030e-03,3.03030e-03,3.03030e-03,3.03030e-03,3.03030e-03,3.03030e-03,3.03030e-03,9.39394e-02,9.39394e-02,1.24242e-01
2.44828e-01,3.44828e-03,3.82759e-01,3.44828e-03,3.44828e-03,3.44828e-03,7.24138e-02,3.44828e-03,3.44828e-03,3.44828e-03,3.44828e-03,3.44828e-03,3.44828e-03,3.44828e-03,3.79310e-02,3.44828e-03,3.44828e-03,3.44828e-03,3.44828e-03,3.44828e-03,3.44828e-03,3.44828e-03,3.44828e-03,3.44828e-03,3.44828e-03,3.44828e-03,3.44828e-03,1.75862e-01,3.44828e-03,3.44828e-03
1.96078e-03,1.96078e-03,1.96078e-03,8.03922e-02,1.96078e-03,1.96078e-03,1.96078e-03,1.96078e-03,1.96078e-03,1.96078e-03,6.88235e-01,1.96078e-03,1.39216e-01,2.15686e-02,1.96078e-03,1.96078e-03,1.96078e-03,1.96078e-03,1.96078e-03,1.96078e-03,1.96078e-03,1.96078e-03,2.15686e-02,1.96078e-03,1.96078e-03,1.96078e-03,1.96078e-03,1.96078e-03,1.96078e-03,1.96078e-03
3.03030e-03,3.03030e-03,2.45455e-01,3.03030e-03,3.03030e-03,9.39394e-02,3.03030e-03,3.03030e-03,3.03030e-03,3.33333e-02,3.03030e-03,3.03030e-03,3.03030e-03,3.03030e-03,3.03030e-03,1.54545e-01,3.03030e-03,3.33333e-02,3.03030e-03,3.33333e-02,3.03030e-03,6.36364e-02,2.75758e-01,3.03030e-03,3.03030e-03,3.03030e-03,3.03030e-03,3.03030e-03,3.03030e-03,3.03030e-03
4.34783e-03,4.34783e-03,9.13043e-02,4.34783e-03,4.34783e-03,4.34783e-03,4.34783e-03,4.34783e-03,4.34783e-03,4.78261e-02,4.34783e-03,4.34783e-03,4.34783e-03,4.34783e-03,4.34783e-03,4.34783e-03,4.34783e-03,4.34783e-03,4.34783e-03,4.34783e-03,1.78261e-01,4.34783e-03,4.34783e-03,5.26087e-01,4.78261e-02,4.34783e-03,4.34783e-03,4.34783e-03,4.34783e-03,4.34783e-03
1.63934e-03,1.63934e-03,1.63934e-03,1.63934e-03,1.63934e-03,1.81967e-01,1.80328e-02,1.63934e-03,1.63934e-03,1.16393e-01,1.00000e-01,1.63934e-03,1.63934e-03,1.63934e-03,1.32787e-01,1.63934e-03,1.63934e-03,1.63934e-03,1.63934e-03,1.63934e-03,1.63934e-03,1.16393e-01,1.63934e-03,1.63934e-03,2.31148e-01,1.63934e-03,1.63934e-03,1.63934e-03,5.08197e-02,1.80328e-02
3.33333e-03,3.33333e-03,3.33333e-03,3.33333e-03,3.33333e-03,4.03333e-01,3.33333e-03,2.70000e-01,3.33333e-03,3.33333e-03,3.33333e-03,3.33333e-03,3.33333e-03,3.33333e-03,3.33333e-03,3.33333e-03,3.33333e-03,3.33333e-03,1.03333e-01,3.33333e-03,3.66667e-02,7.00000e-02,3.33333e-03,3.66667e-02,3.33333e-03,3.33333e-03,3.33333e-03,3.33333e-03,3.33333e-03,3.33333e-03
3.12500e-03,3.12500e-03,3.12500e-03,3.12500e-03,3.12500e-03,3.12500e-03,3.43750e-02,3.12500e-03,3.12500e-03,3.12500e-03,3.12500e-03,3.12500e-03,3.12500e-03,3.12500e-03,3.12500e-03,3.12500e-03,3.12500e-03,3.12500e-03,6.56250e-02,3.12500e-03,5.96875e-01,1.90625e-01,3.12500e-03,3.12500e-03,3.43750e-02,3.12500e-03,3.12500e-03,3.12500e-03,3.12500e-03,3.12500e-03
2.56410e-03,2.82051e-02,2.56410e-03,2.56410e-03,2.56410e-03,2.56410e-03,2.56410e-03,2.56410e-03,2.82051e-02,2.56410e-03,2.56410e-03,2.56410e-03,2.56410e-03,2.56410e-03,2.56410e-03,2.56410e-03,2.56410e-03,2.56410e-03,2.56410e-03,2.56410e-03,2.56410e-03,2.56410e-03,2.56410e-03,2.56410e-03,8.74359e-01,2.56410e-03,2.56410e-03,2.56410e-03,2.56410e-03,2.56410e-03
3.84615e-03,3.84615e-03,3.84615e-03,4.23077e-02,3.84615e-03,3.84615e-03,3.84615e-03,3.84615e-03,3.84615e-03,3.84615e-03,3.84615e-03,5.03846e-01,3.84615e-03,3.84615e-03,1.96154e-01,3.84615e-03,3.84615e-03,3.84615e-03,3.84615e-03,4.23077e-02,8.07692e-02,3.84615e-03,3.84615e-03,3.84615e-03,4.23077e-02,3.84615e-03,3.84615e-03,3.84615e-03,3.84615e-03,3.84615e-03
3.57143e-03,3.57143e-03,3.57143e-03,3.57143e-03,2.53571e-01,3.57143e-03,3.57143e-03,3.92857e-02,3.57143e-03,3.57143e-03,1.10714e-01,2.89286e-01,3.57143e-03,3.92857e-02,3.57143e-03,3.57143e-03,3.57143e-03,3.57143e-03,3.57143e-03,3.92857e-02,3.57143e-03,3.57143e-03,3.57143e-03,3.57143e-03,3.57143e-03,3.57143e-03,3.92857e-02,3.57143e-03,3.57143e-03,1.10714e-01
3.84615e-03,3.84615e-03,8.07692e-02,3.84615e-03,3.84615e-03,3.84615e-03,3.84615e-03,3.84615e-03,1.96154e-01,4.23077e-02,3.84615e-03,3.84615e-03,3.84615e-03,3.84615e-03,3.84615e-03,8.07692e-02,3.84615e-03,3.84615e-03,3.84615e-03,3.84615e-03,8.07692e-02,3.84615e-03,3.84615e-03,4.23077e-02,1.57692e-01,3.84615e-03,4.23077e-02,3.84615e-03,1.96154e-01,3.84615e-03
1.53846e-03,3.24615e-01,1.53846e-03,1.53846e-03,1.69231e-02,1.53846e-03,1.53846e-03,1.53846e-03,1.53846e-03,1.09231e-01,3.23077e-02,1.69231e-02,1.53846e-03,1.53846e-03,4.76923e-02,1.53846e-03,1.09231e-01,1.53846e-03,1.24615e-01,1.53846e-03,1.53846e-03,1.53846e-03,4.76923e-02,1.53846e-03,1.53846e-03,1.53846e-03,1.53846e-03,1.40000e-01,1.53846e-03,1.53846e-03
2.04082e-03,2.24490e-02,2.06122e-01,2.24490e-02,2.04082e-03,4.28571e-02,2.04082e-03,2.24490e-02,2.46939e-01,2.04082e-03,2.04082e-03,8.36735e-02,2.04082e-03,2.24490e-02,2.04082e-03,2.04082e-03,2.04082e-03,2.04082e-03,1.04082e-01,2.04082e-03,2.04082e-03,1.04082e-01,2.04082e-03,2.04082e-03,2.04082e-03,2.04082e-03,8.36735e-02,2.04082e-03,2.04082e-03,2.04082e-03
2.77778e-03,2.77778e-03,2.77778e-03,2.77778e-03,5.83333e-02,2.77778e-03,2.77778e-03,2.77778e-03,1.13889e-01,2.77778e-03,2.77778e-03,2.77778e-03,2.77778e-03,2.77778e-03,2.77778e-03,3.05556e-02,2.77778e-03,2.77778e-03,2.77778e-03,8.61111e-02,2.77778e-03,1.13889e-01,8.61111e-02,2.77778e-03,2.77778e-03,4.47222e-01,2.77778e-03,2.77778e-03,2.77778e-03,2.77778e-03
3.44828e-03,1.41379e-01,3.44828e-03,3.44828e-03,3.44828e-03,1.41379e-01,3.44828e-03,3.44828e-03,1.41379e-01,3.44828e-03,3.44828e-03,3.44828e-03,3.44828e-03,3.79310e-02,3.44828e-03,3.44828e-03,3.44828e-03,3.44828e-03,2.79310e-01,3.44828e-03,3.44828e-03,3.44828e-03,3.44828e-03,3.44828e-03,3.44828e-03,3.44828e-03,1.06897e-01,3.44828e-03,7.24138e-02,3.44828e-03
2.04082e-03,2.04082e-03,2.87755e-01,2.04082e-03,2.04082e-03,2.04082e-03,2.04082e-03,8.36735e-02,2.24490e-02,2.24490e-02,2.04082e-03,8.36735e-02,2.04082e-03,2.24490e-02,6.32653e-02,2.04082e-03,2.04082e-03,2.24490e-02,2.04082e-03,2.04082e-03,2.24490e-02,2.04082e-03,2.04082e-03,2.04082e-03,2.04082e-03,2.04082e-03,2.04082e-03,2.04082e-03,1.24490e-01,2.06122e-01
2.00000e-03,6.20000e-02,2.00000e-03,2.00000e-03,2.00000e-03,1.82000e-01,2.00000e-03,2.00000e-03,4.20000e-02,2.00000e-03,2.00000e-03,4.20000e-02,2.00000e-03,4.20000e-02,4.20000e-02,2.00000e-03,4.20000e-02,2.20000e-02,2.00000e-03,2.00000e-03,4.22000e-01,2.00000e-03,2.00000e-03,6.20000e-02,2.00000e-03,2.00000e-03,2.00000e-03,2.00000e-03,2.00000e-03,2.00000e-03
3.12500e-03,3.12500e-03,3.43750e-02,3.12500e-03,3.12500e-03,6.56250e-02,3.12500e-03,3.12500e-03,3.12500e-03,3.12500e-03,3.12500e-03,3.12500e-03,3.12500e-03,3.12500e-03,3.12500e-03,3.12500e-03,3.12500e-03,5.96875e-01,3.12500e-03,3.43750e-02,3.12500e-03,9.68750e-02,3.12500e-03,6.56250e-02,3.12500e-03,3.12500e-03,3.12500e-03,3.12500e-03,3.43750e-02,3.12500e-03
2.70270e-03,2.70270e-03,2.70270e-03,2.70270e-03,2.70270e-03,2.70270e-03,2.97297e-02,3.00000e-01,2.97297e-02,2.70270e-03,1.10811e-01,2.45946e-01,2.70270e-03,2.70270e-03,2.70270e-03,2.70270e-03,2.70270e-03,2.70270e-03,2.70270e-03,2.70270e-03,2.70270e-03,1.64865e-01,2.70270e-03,2.70270e-03,2.70270e-03,2.70270e-03,2.70270e-03,2.70270e-03,5.67568e-02,2.70270e-03
3.23529e-02,6.17647e-02,2.94118e-03,2.94118e-03,2.94118e-03,2.94118e-03,2.94118e-03,2.94118e-03,2.94118e-03,2.94118e-03,3.23529e-02,2.94118e-03,2.94118e-03,2.94118e-03,2.94118e-03,2.94118e-03,2.94118e-03,2.94118e-03,2.94118e-03,1.20588e-01,2.38235e-01,2.97059e-01,3.23529e-02,2.94118e-03,2.94118e-03,2.94118e-03,2.94118e-03,1.20588e-01,2.94118e-03,2.94118e-03
1.14943e-03,5.86207e-02,1.50575e-01,2.41379e-02,1.14943e-03,1.14943e-03,1.14943e-03,1.14943e-03,5.86207e-02,1.14943e-03,2.41379e-02,1.14943e-03,1.14943e-03,2.41379e-02,1.14943e-03,1.14943e-03,1.14943e-03,2.41379e-02,2.41379e-02,1.14943e-03,1.14943e-03,1.14943e-03,9.31034e-02,1.14943e-03,1.14943e-03,4.95402e-01,1.14943e-03,1.14943e-03,1.14943e-03,1.14943e-03
2.22222e-03,4.66667e-02,2.22222e-03,2.22222e-03,2.22222e-03,2.22222e-03,2.22222e-03,2.22222e-03,2.22222e-03,1.80000e-01,2.22222e-03,2.22222e-03,1.13333e-01,2.22222e-03,9.11111e-02,1.35556e-01,2.22222e-03,1.80000e-01,4.66667e-02,2.22222e-03,2.22222e-03,2.22222e-03,2.22222e-03,2.22222e-03,2.22222e-03,2.22222e-03,2.22222e-03,2.22222e-03,1.57778e-01,2.22222e-03
2.56410e-03,2.56410e-03,2.56410e-03,2.82051e-02,1.05128e-01,2.56410e-03,2.56410e-03,2.56410e-03,2.56410e-03,2.82051e-02,2.56410e-03,2.56410e-03,1.05128e-01,2.56410e-03,2.56410e-03,2.56410e-03,4.64103e-01,2.56410e-03,2.56410e-03,2.56410e-03,5.38462e-02,2.56410e-03,2.56410e-03,2.56410e-03,2.82051e-02,2.56410e-03,2.56410e-03,2.56410e-03,2.56410e-03,1.30769e-01
3.12500e-03,3.43750e-02,3.12500e-03,3.12500e-03,3.46875e-01,3.12500e-03,3.12500e-03,3.12500e-03,9.68750e-02,3.12500e-03,3.12500e-03,1.28125e-01,3.12500e-03,3.12500e-03,3.12500e-03,3.12500e-03,3.12500e-03,3.12500e-03,1.28125e-01,3.12500e-03,3.12500e-03,3.12500e-03,3.12500e-03,3.12500e-03,3.12500e-03,9.68750e-02,9.68750e-02,3.12500e-03,3.12500e-03,3.12500e-03
1.27500e-01,2.75000e-02,2.50000e-03,1.52500e-01,5.25000e-02,2.50000e-03,2.50000e-03,5.25000e-02,2.50000e-03,2.50000e-03,2.27500e-01,2.50000e-03,2.50000e-03,2.75000e-02,2.50000e-03,2.50000e-03,2.50000e-03,2.50000e-03,2.50000e-03,7.75000e-02,2.75000e-02,2.50000e-03,2.50000e-03,2.50000e-03,2.50000e-03,2.50000e-03,2.75000e-02,2.50000e-03,1.52500e-01,2.50000e-03
2.05556e-01,1.87037e-01,1.85185e-03,1.85185e-03,1.85185e-03,1.85185e-03,5.74074e-02,1.85185e-03,1.85185e-03,1.85185e-03,7.59259e-02,5.74074e-02,1.85185e-03,1.85185e-03,1.85185e-03,2.03704e-02,1.85185e-03,2.03704e-02,1.85185e-03,1.85185e-03,1.85185e-03,1.85185e-03,1.85185e-03,2.98148e-01,2.03704e-02,1.85185e-03,1.85185e-03,1.85185e-03,2.03704e-02,1.85185e-03
4.16667e-03,4.16667e-03,4.16667e-03,4.16667e-03,4.16667e-03,4.16667e-03,4.16667e-03,4.16667e-03,1.29167e-01,8.75000e-02,4.16667e-03,8.75000e-02,4.58333e-02,4.16667e-03,4.16667e-03,4.16667e-03,4.16667e-03,4.58333e-02,4.16667e-03,4.16667e-03,8.75000e-02,3.37500e-01,8.75000e-02,4.16667e-03,4.16667e-03,4.16667e-03,4.16667e-03,4.16667e-03,4.16667e-03,4.16667e-03
2.50000e-03,2.77500e-01,1.27500e-01,2.50000e-03,2.50000e-03,2.50000e-03,5.25000e-02,2.75000e-02,2.50000e-03,1.52500e-01,2.75000e-02,2.50000e-03,2.50000e-03,2.50000e-03,1.77500e-01,2.50000e-03,2.50000e-03,2.50000e-03,2.50000e-03,2.50000e-03,5.25000e-02,2.50000e-03,2.50000e-03,2.50000e-03,2.50000e-03,2.50000e-03,2.50000e-03,2.50000e-03,5.25000e-02,2.50000e-03
3.84615e-03,1.57692e-01,4.23077e-02,3.84615e-03,3.84615e-03,3.84615e-03,3.84615e-03,3.84615e-03,2.73077e-01,3.84615e-03,4.23077e-02,3.84615e-03,3.84615e-03,3.84615e-03,3.84615e-03,3.84615e-03,1.57692e-01,4.23077e-02,3.84615e-03,3.84615e-03,3.84615e-03,1.19231e-01,3.84615e-03,3.84615e-03,3.84615e-03,8.07692e-02,3.84615e-03,3.84615e-03,3.84615e-03,3.84615e-03
1.97222e-01,5.83333e-02,2.52778e-01,3.05556e-02,2.77778e-03,2.77778e-03,2.77778e-03,2.77778e-03,2.77778e-03,2.77778e-03,2.77778e-03,2.77778e-03,2.77778e-03,2.77778e-03,2.77778e-03,2.77778e-03,2.77778e-03,2.25000e-01,2.77778e-03,2.77778e-03,2.77778e-03,2.77778e-03,2.77778e-03,2.77778e-03,2.77778e-03,2.77778e-03,2.77778e-03,1.69444e-01,2.77778e-03,2.77778e-03
2.77778e-03,2.77778e-03,1.41667e-01,8.61111e-02,5.83333e-02,2.77778e-03,2.77778e-03,2.77778e-03,2.77778e-03,1.13889e-01,2.77778e-03,2.77778e-03,1.13889e-01,8.61111e-02,2.77778e-03,2.77778e-03,3.05556e-02,2.77778e-03,2.77778e-03,2.77778e-03,2.77778e-03,1.41667e-01,2.77778e-03,2.77778e-03,2.77778e-03,2.77778e-03,2.77778e-03,2.77778e-03,1.69444e-01,2.77778e-03
2.12766e-03,2.12766e-03,2.12766e-03,1.72340e-01,2.34043e-02,2.12766e-03,2.12766e-03,2.12766e-03,2.12766e-03,2.34043e-02,2.12766e-03,2.12766e-03,2.12766e-03,2.12766e-03,1.72340e-01,2.34043e-02,1.51064e-01,6.59574e-02,2.12766e-03,2.12766e-03,2.12766e-03,2.14894e-01,2.12766e-03,2.12766e-03,2.12766e-03,1.08511e-01,2.12766e-03,2.12766e-03,2.12766e-03,2.12766e-03
2.12766e-03,1.08511e-01,2.12766e-03,2.12766e-03,2.12766e-03,2.12766e-03,2.12766e-03,1.93617e-01,2.12766e-03,2.12766e-03,2.12766e-03,4.46809e-02,4.46809e-02,8.72340e-02,2.34043e-02,4.46809e-02,2.34043e-02,2.12766e-03,2.12766e-03,2.12766e-03,2.12766e-03,2.12766e-03,2.12766e-03,2.12766e-03,2.12766e-03,2.12766e-03,3.85106e-01,2.12766e-03,2.12766e-03,2.12766e-03
2.50000e-03,2.50000e-03,2.50000e-03,7.75000e-02,7.75000e-02,2.50000e-03,2.50000e-03,2.50000e-03,7.75000e-02,7.75000e-02,2.50000e-03,2.50000e-03,2.50000e-03,5.25000e-02,2.50000e-03,2.50000e-03,2.77500e-01,2.50000e-03,2.50000e-03,2.75000e-02,2.50000e-03,2.50000e-03,2.50000e-03,2.75000e-02,2.50000e-03,1.52500e-01,1.02500e-01,2.50000e-03,2.50000e-03,2.50000e-03
2.29167e-02,8.54167e-02,2.08333e-03,2.08333e-03,2.08333e-03,2.08333e-03,2.08333e-03,2.08333e-03,2.08333e-03,8.54167e-02,2.08333e-03,2.08333e-03,1.47917e-01,2.29167e-02,2.52083e-01,2.08333e-03,2.08333e-03,2.08333e-03,2.08333e-03,1.27083e-01,2.08333e-03,2.08333e-03,2.08333e-03,2.08333e-03,2.08333e-03,2.08333e-03,2.08333e-03,2.10417e-01,2.08333e-03,2.08333e-03
1.89062e-01,1.56250e-03,1.56250e-03,1.56250e-03,1.26562e-01,1.56250e-03,1.89062e-01,4.84375e-02,1.56250e-03,3.28125e-02,1.10937e-01,1.71875e-02,1.56250e-03,1.56250e-03,1.71875e-02,1.10937e-01,3.28125e-02,1.56250e-03,1.56250e-03,1.56250e-03,1.56250e-03,1.56250e-03,1.56250e-03,1.56250e-03,1.56250e-03,1.71875e-02,6.40625e-02,1.56250e-03,1.71875e-02,1.56250e-03
1.85185e-03,1.85185e-03,5.01852e-01,3.88889e-02,1.85185e-03,3.88889e-02,1.85185e-03,1.85185e-03,2.03704e-02,1.85185e-03,1.85185e-03,1.85185e-03,9.44444e-02,1.85185e-03,3.88889e-02,1.85185e-03,1.85185e-03,1.85185e-03,5.74074e-02,2.03704e-02,2.03704e-02,1.85185e-03,1.85185e-03,1.85185e-03,2.03704e-02,1.85185e-03,1.85185e-03,1.85185e-03,1.12963e-01,1.85185e-03
4.76190e-03,4.76190e-03,1.00000e-01,4.76190e-03,1.47619e-01,4.76190e-03,4.76190e-03,1.47619e-01,4.76190e-03,4.76190e-03,4.76190e-03,5.23810e-02,4.76190e-03,4.76190e-03,4.76190e-03,4.76190e-03,4.76190e-03,4.76190e-03,4.76190e-03,4.76190e-03,4.76190e-03,4.76190e-03,1.95238e-01,4.76190e-03,1.00000e-01,4.76190e-03,4.76190e-03,1.47619e-01,4.76190e-03,4.76190e-03
1.52500e-01,2.50000e-03,2.50000e-03,2.75000e-02,2.75000e-02,2.50000e-03,2.50000e-03,2.50000e-03,2.75000e-02,2.50000e-03,2.50000e-03,2.50000e-03,2.50000e-03,2.50000e-03,2.50000e-03,2.50000e-03,2.50000e-03,2.50000e-03,2.50000e-03,2.50000e-03,2.50000e-03,2.50000e-03,2.50000e-03,2.50000e-03,2.75000e-02,2.75000e-02,1.52500e-01,2.50000e-03,2.50000e-03,5.02500e-01
4.16667e-03,4.16667e-03,4.58333e-02,4.16667e-03,4.16667e-03,4.16667e-03,4.58333e-02,4.16667e-03,4.16667e-03,2.12500e-01,4.16667e-03,1.29167e-01,4.16667e-03,3.37500e-01,4.16667e-03,4.16667e-03,4.16667e-03,4.16667e-03,4.16667e-03,4.16667e-03,4.16667e-03,1.29167e-01,4.16667e-03,4.16667e-03,4.16667e-03,4.16667e-03,4.16667e-03,4.16667e-03,4.16667e-03,4.16667e-03
1.45714e-01,2.85714e-03,2.85714e-03,2.85714e-03,2.85714e-03,2.85714e-03,2.85714e-03,2.85714e-03,6.00000e-02,2.85714e-03,2.85714e-03,6.00000e-02,2.85714e-03,3.14286e-02,2.85714e-03,2.85714e-03,2.85714e-03,8.85714e-02,2.85714e-03,2.85714e-03,4.31429e-01,2.85714e-03,2.85714e-03,2.85714e-03,2.85714e-03,2.85714e-03,3.14286e-02,2.85714e-03,8.85714e-02,2.85714e-03
4.44186e-01,2.32558e-03,2.32558e-03,2.32558e-03,2.55814e-02,2.32558e-03,2.32558e-03,2.32558e-03,2.32558e-03,2.32558e-03,2.58140e-01,2.32558e-03,2.32558e-03,7.20930e-02,2.32558e-03,2.32558e-03,2.32558e-03,2.32558e-03,2.32558e-03,2.32558e-03,2.32558e-03,2.32558e-03,2.32558e-03,2.32558e-03,2.55814e-02,2.32558e-03,2.32558e-03,1.18605e-01,2.32558e-03,2.32558e-03
3.44828e-03,3.44828e-03,3.44828e-03,3.44828e-03,3.44828e-03,3.44828e-03,3.44828e-03,3.44828e-03,3.82759e-01,3.44828e-03,3.44828e-03,3.44828e-03,3.44828e-03,3.79310e-02,3.44828e-03,3.79310e-02,3.44828e-03,3.13793e-01,3.44828e-03,3.44828e-03,3.44828e-03,1.06897e-01,3.44828e-03,3.44828e-03,3.44828e-03,3.44828e-03,3.44828e-03,3.44828e-03,3.79310e-02,3.44828e-03
1.46429e-01,3.57143e-03,3.57143e-03,3.92857e-02,3.57143e-03,1.10714e-01,1.10714e-01,3.57143e-03,3.57143e-03,3.57143e-03,3.57143e-03,3.57143e-03,1.82143e-01,3.57143e-03,3.57143e-03,3.57143e-03,7.50000e-02,3.57143e-03,3.57143e-03,3.57143e-03,3.57143e-03,3.57143e-03,3.57143e-03,3.57143e-03,2.17857e-01,3.57143e-03,3.57143e-03,3.57143e-03,3.92857e-02,3.57143e-03
4.16667e-03,4.16667e-03,4.16667e-03,4.16667e-03,4.16667e-03,4.16667e-03,3.37500e-01,4.16667e-03,4.16667e-03,8.75000e-02,4.16667e-03,4.16667e-03,4.58333e-02,4.16667e-03,4.16667e-03,2.95833e-01,4.16667e-03,4.16667e-03,4.16667e-03,4.16667e-03,4.16667e-03,4.16667e-03,4.16667e-03,8.75000e-02,4.58333e-02,4.16667e-03,4.16667e-03,4.16667e-03,4.16667e-03,4.16667e-03
2.85714e-03,2.85714e-03,2.85714e-03,2.85714e-03,3.14286e-02,2.85714e-03,5.17143e-01,2.85714e-03,2.85714e-03,2.85714e-03,2.85714e-03,2.85714e-03,2.31429e-01,2.85714e-03,8.85714e-02,2.85714e-03,2.85714e-03,2.85714e-03,6.00000e-02,2.85714e-03,2.85714e-03,2.85714e-03,2.85714e-03,2.85714e-03,2.85714e-03,2.85714e-03,2.85714e-03,2.85714e-03,2.85714e-03,2.85714e-03
1.69492e-03,1.86441e-02,1.37288e-01,1.69492e-03,1.69492e-03,1.69492e-03,1.69492e-03,1.69492e-03,1.69492e-03,1.69492e-03,1.69492e-03,1.69492e-03,1.20339e-01,3.55932e-02,1.69492e-03,2.38983e-01,1.69492e-03,1.37288e-01,1.69492e-03,1.69492e-03,1.86441e-02,1.69492e-03,1.69492e-03,1.69492e-03,1.37288e-01,1.69492e-03,3.55932e-02,8.64407e-02,1.69492e-03,1.69492e-03
3.57143e-03,3.92857e-02,3.57143e-03,2.89286e-01,3.57143e-03,3.57143e-03,3.57143e-03,3.57143e-03,3.57143e-03,7.50000e-02,3.92857e-02,3.57143e-03,3.57143e-03,3.57143e-03,3.57143e-03,3.92857e-02,3.57143e-03,3.57143e-03,2.53571e-01,3.57143e-03,3.57143e-03,3.57143e-03,3.57143e-03,3.57143e-03,3.57143e-03,3.57143e-03,3.57143e-03,3.57143e-03,1.82143e-01,3.57143e-03
1.47059e-03,1.47059e-03,1.47059e-03,4.55882e-02,3.08824e-02,2.66176e-01,1.47059e-03,1.04412e-01,4.55882e-02,3.08824e-02,1.47059e-03,1.47059e-03,1.47059e-03,1.47059e-03,1.47059e-03,1.61765e-02,2.66176e-01,3.08824e-02,1.47059e-03,1.47059e-03,1.47059e-03,1.47059e-03,7.50000e-02,1.47059e-03,3.08824e-02,1.47059e-03,1.47059e-03,1.47059e-03,1.47059e-03,3.08824e-02
3.44828e-03,3.44828e-03,3.79310e-02,3.44828e-03,3.79310e-02,3.44828e-03,3.44828e-03,3.79310e-02,3.44828e-03,3.44828e-03,3.44828e-03,1.75862e-01,1.41379e-01,3.44828e-03,3.44828e-03,3.44828e-03,3.44828e-03,7.24138e-02,3.44828e-03,3.44828e-03,3.44828e-03,3.44828e-03,3.44828e-03,3.44828e-03,3.44828e-03,3.44828e-03,3.44828e-03,2.44828e-01,1.75862e-01,3.44828e-03
4.07407e-02,3.70370e-03,3.70370e-03,1.88889e-01,3.70370e-03,3.70370e-03,3.70370e-03,3.70370e-03,3.70370e-03,3.70370e-03,3.70370e-03,3.70370e-03,3.74074e-01,3.70370e-03,3.70370e-03,3.70370e-03,3.70370e-03,3.70370e-03,3.70370e-03,1.88889e-01,3.70370e-03,3.70370e-03,1.14815e-01,3.70370e-03,3.70370e-03,3.70370e-03,3.70370e-03,3.70370e-03,3.70370e-03,3.70370e-03
2.63158e-03,2.89474e-02,1.86842e-01,1.07895e-01,2.63158e-03,2.63158e-03,2.63158e-03,2.63158e-03,2.89474e-02,2.63158e-03,2.63158e-03,2.63158e-03,2.63158e-03,1.34211e-01,2.63158e-03,5.52632e-02,2.63158e-03,2.63158e-03,3.18421e-01,2.63158e-03,2.63158e-03,5.52632e-02,2.63158e-03,2.63158e-03,2.63158e-03,2.63158e-03,2.63158e-03,2.63158e-03,2.63158e-03,2.89474e-02
3.79310e-02,3.44828e-03,3.44828e-03,3.44828e-03,3.44828e-03,3.44828e-03,3.44828e-03,7.24138e-02,7.24138e-02,7.24138e-02,3.44828e-03,3.44828e-03,3.44828e-03,3.44828e-03,3.44828e-03,3.44828e-03,3.79310e-02,2.10345e-01,3.44828e-03,3.44828e-03,2.10345e-01,3.44828e-03,3.44828e-03,3.44828e-03,3.44828e-03,3.79310e-02,3.44828e-03,3.44828e-03,3.44828e-03,1.75862e-01
3.03030e-03,3.03030e-03,3.03030e-03,3.03030e-03,3.03030e-03,6.36364e-02,3.03030e-03,4.57576e-01,3.03030e-03,3.03030e-03,3.03030e-03,3.03030e-03,3.03030e-03,2.45455e-01,3.03030e-03,3.03030e-03,3.03030e-03,3.03030e-03,9.39394e-02,3.03030e-03,3.03030e-03,3.03030e-03,3.03030e-03,3.03030e-03,3.33333e-02,3.03030e-03,3.03030e-03,3.33333e-02,3.03030e-03,3.03030e-03
4.16667e-03,4.16667e-03,4.58333e-02,4.16667e-03,8.75000e-02,4.16667e-03,4.16667e-03,4.58333e-02,4.16667e-03,4.16667e-03,4.16667e-03,4.16667e-03,4.16667e-03,4.16667e-03,4.16667e-03,4.16667e-03,4.58333e-02,4.16667e-03,8.75000e-02,4.16667e-03,4.62500e-01,4.16667e-03,4.16667e-03,4.16667e-03,4.16667e-03,1.29167e-01,4.16667e-03,4.16667e-03,4.16667e-03,4.16667e-03
7.24138e-02,3.44828e-03,3.44828e-03,3.44828e-03,2.44828e-01,3.79310e-02,3.48276e-01,3.44828e-03,3.44828e-03,3.44828e-03,3.79310e-02,3.44828e-03,3.44828e-03,3.44828e-03,3.44828e-03,3.44828e-03,3.44828e-03,3.44828e-03,3.44828e-03,3.44828e-03,3.44828e-03,3.44828e-03,3.44828e-03,3.44828e-03,1.41379e-01,3.44828e-03,3.44828e-03,3.44828e-03,3.44828e-03,3.79310e-02
3.03030e-03,3.33333e-02,3.03030e-03,3.03030e-03,9.39394e-02,3.03030e-03,3.03030e-03,3.03030e-03,3.03030e-03,3.03030e-03,3.03030e-03,6.36364e-02,1.54545e-01,1.24242e-01,3.03030e-03,3.03030e-03,1.24242e-01,3.33333e-02,6.36364e-02,3.03030e-03,2.45455e-01,3.03030e-03,3.03030e-03,3.03030e-03,3.03030e-03,3.03030e-03,3.03030e-03,3.03030e-03,3.03030e-03,3.03030e-03
1.85185e-03,1.85185e-03,2.03704e-02,1.85185e-03,1.85185e-03,1.85185e-03,7.59259e-02,2.03704e-02,1.85185e-03,1.85185e-03,1.85185e-03,9.44444e-02,1.85185e-03,1.85185e-03,1.85185e-03,2.05556e-01,1.85185e-03,1.85185e-03,1.85185e-03,1.85185e-03,1.85185e-03,1.85185e-03,1.85185e-03,2.42593e-01,1.85185e-03,2.05556e-01,1.85185e-03,2.03704e-02,3.88889e-02,3.88889e-02
2.70270e-03,2.97297e-02,2.70270e-03,5.70270e-01,2.70270e-03,2.70270e-03,2.97297e-02,2.70270e-03,2.70270e-03,2.70270e-03,2.70270e-03,5.67568e-02,2.70270e-03,2.70270e-03,2.70270e-03,2.70270e-03,2.70270e-03,2.70270e-03,2.70270e-03,2.70270e-03,2.70270e-03,2.97297e-02,2.70270e-03,2.70270e-03,2.70270e-03,2.97297e-02,2.70270e-03,2.70270e-03,1.64865e-01,2.97297e-02
2.56410e-03,2.56410e-03,1.30769e-01,2.56410e-03,1.56410e-01,2.56410e-03,2.56410e-03,2.56410e-03,5.15385e-01,2.56410e-03,2.56410e-03,2.56410e-03,2.56410e-03,2.56410e-03,2.56410e-03,2.56410e-03,2.56410e-03,2.56410e-03,2.82051e-02,2.56410e-03,2.56410e-03,2.56410e-03,2.56410e-03,5.38462e-02,2.56410e-03,2.82051e-02,2.56410e-03,2.82051e-02,2.56410e-03,2.56410e-03
1.44928e-03,1.44928e-03,1.44928e-03,7.39130e-02,4.49275e-02,1.44928e-03,5.94203e-02,1.44928e-03,4.36232e-01,1.44928e-03,3.04348e-02,1.44928e-03,1.44928e-03,1.44928e-03,1.44928e-03,1.44928e-03,1.44928e-03,1.44928e-03,2.47826e-01,3.04348e-02,1.44928e-03,1.44928e-03,1.44928e-03,1.44928e-03,1.59420e-02,1.44928e-03,1.44928e-03,1.44928e-03,3.04348e-02,1.44928e-03
3.12500e-03,3.12500e-03,3.12500e-03,5.96875e-01,3.12500e-03,3.12500e-03,3.12500e-03,3.12500e-03,3.12500e-03,3.12500e-03,3.12500e-03,3.12500e-03,3.12500e-03,3.12500e-03,3.12500e-03,3.12500e-03,3.12500e-03,3.12500e-03,2.84375e-01,3.12500e-03,3.12500e-03,3.12500e-03,3.12500e-03,3.12500e-03,3.12500e-03,3.12500e-03,3.12500e-03,3.12500e-03,3.12500e-03,3.43750e-02
5.38462e-02,2.56410e-03,7.94872e-02,2.56410e-03,2.56410e-03,2.56410e-03,2.56410e-03,2.56410e-03,3.10256e-01,2.56410e-03,2.56410e-03,5.38462e-02,5.38462e-02,2.56410e-03,2.56410e-03,2.56410e-03,2.82051e-02,2.56410e-03,2.56410e-03,2.56410e-03,2.56410e-03,2.56410e-03,2.56410e-03,2.56410e-03,2.56410e-03,2.56410e-03,2.56410e-03,1.30769e-01,2.33333e-01,2.56410e-03
2.70270e-03,2.70270e-03,1.91892e-01,2.97297e-02,2.70270e-03,2.70270e-03,2.70270e-03,2.70270e-03,2.70270e-03,5.67568e-02,5.67568e-02,2.70270e-03,2.70270e-03,2.70270e-03,2.70270e-03,2.70270e-03,8.37838e-02,2.70270e-03,2.70270e-03,2.70270e-03,2.70270e-03,2.70270e-03,2.70270e-03,2.70270e-03,2.97297e-02,3.27027e-01,1.64865e-01,2.70270e-03,2.70270e-03,2.70270e-03
2.27273e-03,2.27273e-03,2.27273e-03,2.27273e-03,2.27273e-03,2.50000e-02,2.27273e-03,2.27273e-03,2.27273e-03,2.27273e-03,2.27273e-03,2.27273e-03,2.27273e-03,2.50000e-02,2.27273e-03,6.15909e-01,2.27273e-03,9.31818e-02,2.27273e-03,2.50000e-02,2.50000e-02,2.27273e-03,2.27273e-03,2.27273e-03,2.27273e-03,2.27273e-03,2.27273e-03,4.77273e-02,2.27273e-03,9.31818e-02
1.92308e-03,1.92308e-03,1.92308e-03,1.92308e-03,1.92308e-03,9.80769e-02,2.11538e-02,1.92308e-03,1.92308e-03,4.03846e-02,1.92308e-03,1.92308e-03,1.92308e-03,1.92308e-03,1.92308e-03,4.03846e-02,1.92308e-03,4.03846e-02,7.88462e-02,1.92308e-03,1.92308e-03,1.92308e-03,1.92308e-03,4.05769e-01,1.92308e-03,9.80769e-02,1.36538e-01,1.92308e-03,1.92308e-03,1.92308e-03
1.92308e-03,2.90385e-01,9.80769e-02,1.36538e-01,1.92308e-03,1.92308e-03,5.96154e-02,1.92308e-03,1.92308e-03,1.92308e-03,1.92308e-03,1.92308e-03,1.92308e-03,1.92308e-03,1.92308e-03,1.55769e-01,1.92308e-03,1.92308e-03,1.92308e-03,4.03846e-02,7.88462e-02,1.92308e-03,1.92308e-03,1.92308e-03,1.92308e-03,1.92308e-03,1.92308e-03,5.96154e-02,4.03846e-02,1.92308e-03
1.53846e-03,1.53846e-03,1.53846e-03,1.24615e-01,1.53846e-03,1.53846e-03,1.53846e-03,1.53846e-03,1.53846e-03,1.53846e-03,6.30769e-02,1.53846e-03,2.01538e-01,1.69231e-02,1.53846e-03,2.32308e-01,9.38462e-02,1.53846e-03,4.76923e-02,1.53846e-03,1.53846e-03,4.76923e-02,1.53846e-03,1.53846e-03,1.53846e-03,1.53846e-03,1.69231e-02,1.53846e-03,6.30769e-02,6.30769e-02
4.76190e-03,4.76190e-03,4.76190e-03,4.76190e-03,5.23810e-02,4.76190e-03,4.76190e-03,4.76190e-03,4.76190e-03,4.76190e-03,1.47619e-01,4.33333e-01,4.76190e-03,4.76190e-03,4.76190e-03,4.76190e-03,4.76190e-03,4.76190e-03,4.76190e-03,4.76190e-03,1.95238e-01,4.76190e-03,4.76190e-03,4.76190e-03,4.76190e-03,4.76190e-03,4.76190e-03,4.76190e-03,5.23810e-02,4.76190e-03
2.12766e-03,2.36170e-01,2.12766e-03,2.14894e-01,1.29787e-01,2.12766e-03,2.12766e-03,2.12766e-03,2.12766e-03,2.12766e-03,2.34043e-02,2.12766e-03,4.46809e-02,2.12766e-03,8.72340e-02,1.08511e-01,2.34043e-02,2.12766e-03,2.12766e-03,2.12766e-03,6.59574e-02,2.12766e-03,2.12766e-03,2.12766e-03,2.12766e-03,2.34043e-02,2.12766e-03,2.12766e-03,2.12766e-03,2.12766e-03
1.61290e-03,1.77419e-02,1.61290e-03,1.61290e-03,1.61290e-03,1.77419e-02,1.61290e-03,1.61290e-03,4.53226e-01,1.61290e-03,1.61290e-03,3.38710e-02,1.61290e-03,1.61290e-03,1.61290e-03,1.61290e-03,1.61290e-03,5.00000e-02,1.61290e-03,1.30645e-01,1.61290e-03,1.30645e-01,1.77419e-02,1.61290e-03,1.61290e-03,1.61290e-03,9.83871e-02,1.61290e-03,1.61290e-03,1.77419e-02
2.85714e-03,2.85714e-03,2.85714e-03,4.88571e-01,2.85714e-03,2.85714e-03,2.85714e-03,2.85714e-03,3.14286e-02,2.85714e-03,2.85714e-03,2.85714e-03,2.85714e-03,1.45714e-01,2.85714e-03,2.85714e-03,2.85714e-03,2.85714e-03,3.14286e-02,2.85714e-03,2.85714e-03,2.85714e-03,2.85714e-03,2.85714e-03,2.85714e-03,2.85714e-03,2.85714e-03,2.85714e-03,2.31429e-01,2.85714e-03
2.08333e-03,2.08333e-03,2.08333e-03,4.37500e-02,2.08333e-03,2.08333e-03,2.08333e-03,2.08333e-03,2.08333e-03,4.37500e-02,1.27083e-01,2.08333e-03,2.08333e-03,2.08333e-03,4.37500e-02,2.08333e-03,4.81250e-01,2.08333e-03,2.08333e-03,2.08333e-03,2.08333e-03,2.08333e-03,2.08333e-03,2.08333e-03,2.08333e-03,1.89583e-01,2.08333e-03,2.08333e-03,2.29167e-02,2.08333e-03
3.70370e-03,3.70370e-03,3.70370e-03,3.70370e-03,3.70370e-03,4.07407e-02,3.70370e-03,3.74074e-01,3.70370e-03,3.70370e-03,3.70370e-03,3.70370e-03,3.70370e-03,3.70370e-03,3.70370e-03,3.70370e-03,4.07407e-02,3.70370e-03,3.00000e-01,1.14815e-01,3.70370e-03,3.70370e-03,3.70370e-03,3.70370e-03,3.70370e-03,3.70370e-03,3.70370e-03,3.70370e-03,4.07407e-02,3.70370e-03
1.66667e-02,1.51515e-03,2.28788e-01,1.51515e-03,4.69697e-02,1.51515e-03,1.51515e-03,1.53030e-01,1.51515e-03,1.51515e-03,1.51515e-03,1.68182e-01,1.66667e-02,7.72727e-02,1.51515e-03,1.51515e-03,1.51515e-03,3.18182e-02,1.51515e-03,1.51515e-03,1.51515e-03,1.51515e-03,1.51515e-03,1.51515e-03,1.51515e-03,1.51515e-03,1.66667e-02,3.18182e-02,1.83333e-01,1.51515e-03
3.14286e-02,1.74286e-01,3.14286e-02,2.85714e-03,2.85714e-03,2.85714e-03,2.85714e-03,2.85714e-03,2.85714e-03,3.14286e-02,2.85714e-03,2.85714e-03,2.85714e-03,2.85714e-03,2.85714e-03,3.14286e-02,2.85714e-03,2.85714e-03,1.45714e-01,3.14286e-02,2.85714e-03,3.14286e-02,2.85714e-03,2.85714e-03,3.14286e-02,2.85714e-03,2.85714e-03,1.74286e-01,2.02857e-01,3.14286e-02
1.72414e-03,1.72414e-03,1.91379e-01,1.72414e-03,1.72414e-03,1.72414e-03,1.72414e-03,1.72414e-03,1.72414e-03,1.72414e-03,2.08621e-01,1.91379e-01,5.34483e-02,1.72414e-03,1.89655e-02,1.72414e-03,1.72414e-03,1.72414e-03,3.62069e-02,1.56897e-01,1.72414e-03,1.72414e-03,1.72414e-03,1.72414e-03,1.72414e-03,1.72414e-03,1.72414e-03,1.72414e-03,1.05172e-01,1.72414e-03
1.00000e-01,3.22581e-03,3.22581e-03,3.22581e-03,3.22581e-03,3.22581e-03,3.22581e-03,6.77419e-02,3.22581e-03,4.22581e-01,3.22581e-03,3.22581e-03,3.22581e-03,3.54839e-02,3.22581e-03,3.22581e-03,3.22581e-03,3.22581e-03,3.22581e-03,3.54839e-02,3.22581e-03,3.22581e-03,3.22581e-03,3.22581e-03,3.22581e-03,3.54839e-02,3.54839e-02,3.22581e-03,1.64516e-01,3.54839e-02
2.97059e-01,2.94118e-03,2.94118e-03,2.94118e-03,2.94118e-03,2.94118e-03,2.94118e-03,2.94118e-03,2.94118e-03,2.94118e-03,6.17647e-02,2.94118e-03,2.94118e-03,2.94118e-03,2.94118e-03,2.94118e-03,9.11765e-02,2.94118e-03,2.94118e-03,2.94118e-03,2.94118e-03,2.94118e-03,2.94118e-03,2.94118e-03,3.23529e-02,2.94118e-03,1.50000e-01,2.38235e-01,6.17647e-02,2.94118e-03
2.85714e-03,2.85714e-03,2.85714e-03,4.02857e-01,3.14286e-02,2.85714e-03,2.85714e-03,2.85714e-03,2.85714e-03,2.85714e-03,2.02857e-01,8.85714e-02,2.02857e-01,2.85714e-03,2.85714e-03,2.85714e-03,2.85714e-03,2.85714e-03,2.85714e-03,2.85714e-03,2.85714e-03,2.85714e-03,2.85714e-03,2.85714e-03,2.85714e-03,2.85714e-03,2.85714e-03,2.85714e-03,2.85714e-03,2.85714e-03
1.49254e-03,1.49254e-03,1.49254e-03,1.49254e-03,1.49254e-03,1.49254e-03,1.05970e-01,1.49254e-03,1.49254e-03,7.61194e-02,6.11940e-02,1.49254e-03,1.49254e-03,3.00000e-01,1.49254e-03,1.49254e-03,1.49254e-03,1.49254e-03,1.49254e-03,1.95522e-01,1.49254e-03,1.49254e-03,1.49254e-03,1.49254e-03,1.49254e-03,1.49254e-03,9.10448e-02,3.13433e-02,1.05970e-01,1.49254e-03
1.60870e-01,1.44928e-03,3.04348e-02,7.39130e-02,1.44928e-03,1.44928e-03,1.44928e-03,1.44928e-03,2.04348e-01,8.84058e-02,1.44928e-03,1.44928e-03,1.44928e-03,1.44928e-03,1.44928e-03,1.75362e-01,1.44928e-03,1.44928e-03,1.02899e-01,1.44928e-03,1.44928e-03,1.31884e-01,1.44928e-03,1.44928e-03,1.44928e-03,1.44928e-03,1.44928e-03,1.44928e-03,1.44928e-03,1.44928e-03
2.63158e-03,2.63158e-03,2.63158e-03,2.63158e-03,2.63158e-03,2.63158e-03,2.89474e-02,2.63158e-03,2.63158e-03,1.34211e-01,2.89474e-02,2.63158e-03,5.28947e-01,8.15789e-02,2.63158e-03,2.89474e-02,2.63158e-03,2.63158e-03,2.63158e-03,2.89474e-02,2.63158e-03,2.63158e-03,2.89474e-02,2.63158e-03,2.89474e-02,2.63158e-03,2.63158e-03,2.63158e-03,2.63158e-03,2.89474e-02
2.77778e-03,2.77778e-03,2.77778e-03,2.52778e-01,5.83333e-02,2.77778e-03,2.77778e-03,2.77778e-03,2.77778e-03,2.25000e-01,8.61111e-02,3.05556e-02,2.77778e-03,2.77778e-03,1.41667e-01,2.77778e-03,2.77778e-03,2.77778e-03,2.77778e-03,2.77778e-03,2.77778e-03,5.83333e-02,2.77778e-03,3.05556e-02,2.77778e-03,3.05556e-02,2.77778e-03,2.77778e-03,2.77778e-03,3.05556e-02
2.82051e-02,2.56410e-03,2.56410e-03,1.56410e-01,2.56410e-03,2.56410e-03,2.56410e-03,2.56410e-03,2.56410e-03,2.56410e-03,3.87179e-01,1.56410e-01,2.56410e-03,2.56410e-03,2.56410e-03,2.56410e-03,2.56410e-03,2.56410e-03,2.56410e-03,2.56410e-03,2.56410e-03,2.56410e-03,2.56410e-03,2.56410e-03,2.56410e-03,2.56410e-03,2.56410e-03,2.07692e-01,2.56410e-03,2.56410e-03
1.36986e-03,1.36986e-03,4.24658e-02,1.36986e-03,1.50685e-02,1.36986e-03,1.36986e-03,1.36986e-03,1.36986e-03,1.50685e-02,6.98630e-02,1.36986e-03,2.87671e-02,8.35616e-02,1.36986e-03,1.36986e-03,1.36986e-03,1.36986e-03,4.24658e-02,5.61644e-02,1.36986e-03,1.36986e-03,1.36986e-03,1.36986e-03,2.87671e-02,1.36986e-03,5.49315e-01,4.24658e-02,1.36986e-03,1.36986e-03
4.03333e-01,3.33333e-03,7.00000e-02,3.33333e-03,3.33333e-03,3.33333e-03,3.66667e-02,3.33333e-03,3.33333e-03,7.00000e-02,3.33333e-03,1.36667e-01,3.33333e-03,3.33333e-03,3.33333e-03,3.33333e-03,3.33333e-03,3.66667e-02,3.66667e-02,3.33333e-03,3.33333e-03,3.33333e-03,3.33333e-03,3.33333e-03,1.03333e-01,3.33333e-03,3.33333e-03,3.66667e-02,3.33333e-03,3.33333e-03
2.72727e-02,1.29870e-03,1.29870e-03,2.72727e-02,1.29870e-03,1.29870e-03,1.42857e-02,1.31169e-01,1.29870e-03,4.02597e-02,1.29870e-03,1.31169e-01,1.29870e-03,4.02597e-02,2.22078e-01,1.29870e-03,1.29870e-03,6.62338e-02,5.32468e-02,1.29870e-03,1.42857e-02,1.29870e-03,2.72727e-02,1.29870e-03,1.29870e-03,1.57143e-01,1.29870e-03,1.29870e-03,2.72727e-02,1.29870e-03
2.56410e-03,7.94872e-02,2.56410e-03,2.56410e-03,2.56410e-03,1.30769e-01,2.56410e-03,2.56410e-03,2.56410e-03,2.56410e-03,2.56410e-03,2.56410e-03,2.07692e-01,2.82051e-02,2.33333e-01,2.56410e-03,2.56410e-03,2.82051e-02,1.05128e-01,2.56410e-03,2.56410e-03,2.56410e-03,2.56410e-03,2.56410e-03,2.56410e-03,2.56410e-03,5.38462e-02,5.38462e-02,2.56410e-03,2.82051e-02
2.01667e-01,1.66667e-03,1.66667e-03,1.66667e-03,1.66667e-03,1.66667e-03,1.66667e-03,3.50000e-02,1.83333e-02,1.01667e-01,1.66667e-03,1.66667e-03,1.66667e-03,1.66667e-03,4.35000e-01,1.66667e-03,1.66667e-03,1.83333e-02,1.66667e-03,1.51667e-01,1.66667e-03,1.66667e-03,1.66667e-03,1.66667e-03,1.66667e-03,1.66667e-03,1.66667e-03,1.66667e-03,1.66667e-03,1.66667e-03
6.88889e-02,2.22222e-03,2.91111e-01,2.44444e-02,2.22222e-03,2.22222e-03,2.22222e-03,2.22222e-03,2.22222e-03,3.13333e-01,2.22222e-03,2.44444e-02,1.35556e-01,2.22222e-03,2.22222e-03,2.22222e-03,2.22222e-03,2.22222e-03,2.22222e-03,2.22222e-03,2.44444e-02,2.22222e-03,2.22222e-03,2.22222e-03,2.22222e-03,2.22222e-03,2.22222e-03,2.22222e-03,2.22222e-03,6.88889e-02
7.19298e-02,1.75439e-03,1.75439e-03,1.75439e-03,1.94737e-01,1.75439e-03,5.43860e-02,1.75439e-03,1.75439e-03,5.43860e-02,1.42105e-01,3.68421e-02,1.75439e-03,1.75439e-03,1.92982e-02,1.75439e-03,1.92982e-02,1.75439e-03,1.75439e-03,1.75439e-03,1.75439e-03,1.94737e-01,1.75439e-03,1.92982e-02,1.75439e-03,1.75439e-03,1.75439e-03,1.59649e-01,1.75439e-03,1.75439e-03
2.85714e-03,2.85714e-03,2.85714e-03,2.85714e-03,3.14286e-02,2.85714e-03,2.85714e-03,2.85714e-03,2.85714e-03,4.02857e-01,3.14286e-02,2.85714e-03,2.85714e-03,2.85714e-03,3.14286e-02,2.85714e-03,6.00000e-02,2.85714e-03,2.02857e-01,8.85714e-02,2.85714e-03,2.85714e-03,2.85714e-03,2.85714e-03,2.85714e-03,2.85714e-03,8.85714e-02,2.85714e-03,2.85714e-03,2.85714e-03
1.78571e-03,1.78571e-03,1.78571e-03,2.51786e-01,1.78571e-03,1.78571e-03,1.78571e-03,1.26786e-01,1.78571e-03,1.78571e-03,1.44643e-01,1.08929e-01,1.78571e-03,1.78571e-03,1.78571e-03,1.96429e-02,1.78571e-03,5.53571e-02,1.78571e-03,2.16071e-01,1.78571e-03,1.78571e-03,1.78571e-03,1.78571e-03,1.78571e-03,1.78571e-03,3.75000e-02,1.78571e-03,1.78571e-03,1.78571e-03
2.32558e-03,2.32558e-03,2.32558e-03,2.55814e-02,9.53488e-02,2.32558e-03,2.32558e-03,1.65116e-01,2.32558e-03,2.32558e-03,2.32558e-03,7.20930e-02,2.32558e-03,2.32558e-03,2.32558e-03,1.88372e-01,2.32558e-03,2.32558e-03,1.88372e-01,2.32558e-03,2.55814e-02,2.32558e-03,2.32558e-03,2.32558e-03,2.32558e-03,2.55814e-02,2.32558e-03,1.65116e-01,2.32558e-03,2.32558e-03
3.62069e-02,3.81034e-01,1.05172e-01,1.72414e-03,1.05172e-01,1.72414e-03,1.72414e-03,1.72414e-03,1.89655e-02,1.72414e-03,1.72414e-03,1.72414e-03,1.72414e-03,1.72414e-03,1.72414e-03,8.79310e-02,1.72414e-03,1.72414e-03,1.72414e-03,1.89655e-02,7.06897e-02,1.72414e-03,1.72414e-03,1.72414e-03,1.72414e-03,1.72414e-03,1.39655e-01,1.72414e-03,1.72414e-03,1.72414e-03
2.27273e-03,2.27273e-03,2.27273e-03,2.50000e-02,2.27273e-03,2.27273e-03,2.27273e-03,2.27273e-03,2.27273e-03,2.50000e-02,1.61364e-01,2.27273e-03,2.27273e-03,1.38636e-01,7.04545e-02,1.15909e-01,2.27273e-03,2.27273e-03,2.50000e-02,2.27273e-03,2.27273e-03,2.27273e-03,2.27273e-03,2.27273e-03,2.27273e-03,2.27273e-03,2.52273e-01,1.38636e-01,2.27273e-03,2.27273e-03
2.22222e-03,2.22222e-03,6.88889e-02,2.22222e-03,2.22222e-03,1.35556e-01,2.91111e-01,2.22222e-03,2.22222e-03,2.22222e-03,6.88889e-02,2.22222e-03,2.22222e-03,2.22222e-03,2.22222e-03,2.22222e-03,2.44444e-02,2.22222e-03,9.11111e-02,2.22222e-03,2.22222e-03,2.22222e-03,2.22222e-03,2.22222e-03,2.22222e-03,2.68889e-01,2.22222e-03,2.22222e-03,2.22222e-03,2.22222e-03
3.22581e-03,3.22581e-03,3.22581e-03,3.22581e-03,1.96774e-01,3.22581e-03,3.22581e-03,3.22581e-03,3.22581e-03,3.54839e-02,3.90323e-01,3.22581e-03,3.22581e-03,3.22581e-03,3.22581e-03,3.22581e-03,3.22581e-03,3.22581e-03,1.64516e-01,3.22581e-03,3.22581e-03,3.22581e-03,3.22581e-03,3.22581e-03,3.22581e-03,3.22581e-03,3.22581e-03,3.22581e-03,3.22581e-03,1.32258e-01
4.70213e-01,2.12766e-03,2.34043e-02,2.12766e-03,2.12766e-03,2.12766e-03,2.12766e-03,2.12766e-03,2.12766e-03,6.59574e-02,2.12766e-03,1.29787e-01,2.12766e-03,1.08511e-01,2.12766e-03,2.34043e-02,2.12766e-03,2.12766e-03,8.72340e-02,2.12766e-03,2.12766e-03,2.12766e-03,2.12766e-03,2.12766e-03,2.12766e-03,2.12766e-03,4.46809e-02,2.12766e-03,2.12766e-03,2.12766e-03
7.14286e-03,7.14286e-03,7.14286e-03,1.50000e-01,7.14286e-03,7.14286e-03,7.14286e-03,7.14286e-03,7.14286e-03,7.14286e-03,7.14286e-03,7.14286e-03,7.14286e-03,7.85714e-02,7.14286e-03,7.14286e-03,7.14286e-03,7.14286e-03,7.14286e-03,7.85714e-02,7.14286e-03,7.14286e-03,7.14286e-03,7.14286e-03,7.14286e-03,7.85714e-02,7.85714e-02,3.64286e-01,7.14286e-03,7.14286e-03
2.70270e-03,2.70270e-03,1.91892e-01,1.10811e-01,2.97297e-02,2.70270e-03,2.70270e-03,2.70270e-03,2.70270e-03,1.37838e-01,2.70270e-03,2.70270e-03,2.97297e-02,2.70270e-03,2.70270e-03,2.70270e-03,2.70270e-03,5.67568e-02,2.70270e-03,1.37838e-01,2.97297e-02,2.70270e-03,8.37838e-02,2.70270e-03,2.70270e-03,2.70270e-03,2.70270e-03,2.70270e-03,1.10811e-01,2.97297e-02
4.88372e-02,2.32558e-03,2.32558e-03,2.32558e-03,2.32558e-03,2.32558e-03,2.55814e-02,2.32558e-03,2.32558e-03,1.65116e-01,2.34884e-01,1.18605e-01,2.32558e-03,2.32558e-03,2.32558e-03,2.32558e-03,2.32558e-03,4.88372e-02,2.32558e-03,2.81395e-01,2.32558e-03,2.32558e-03,2.32558e-03,2.32558e-03,2.32558e-03,2.32558e-03,2.32558e-03,2.32558e-03,2.55814e-02,2.32558e-03
2.50000e-03,2.50000e-03,2.50000e-03,2.27500e-01,2.50000e-03,2.50000e-03,2.50000e-03,2.50000e-03,2.50000e-03,2.27500e-01,2.50000e-03,2.75000e-02,2.50000e-03,2.50000e-03,2.77500e-01,2.50000e-03,2.50000e-03,7.75000e-02,2.50000e-03,2.50000e-03,2.50000e-03,2.50000e-03,2.50000e-03,5.25000e-02,2.50000e-03,2.50000e-03,2.50000e-03,5.25000e-02,2.50000e-03,2.50000e-03
1.38889e-03,1.40278e-01,9.86111e-02,1.52778e-02,1.38889e-03,1.38889e-03,1.38889e-03,1.38889e-03,1.38889e-03,1.38889e-03,1.38889e-03,4.30556e-02,1.38889e-03,1.38889e-03,5.69444e-02,4.30556e-02,5.69444e-02,3.20833e-01,1.38889e-03,1.26389e-01,4.30556e-02,1.38889e-03,1.38889e-03,1.38889e-03,1.52778e-02,1.38889e-03,1.38889e-03,1.52778e-02,1.38889e-03,1.38889e-03
2.43902e-03,2.43902e-03,2.43902e-03,2.68293e-02,2.43902e-03,2.43902e-03,2.43902e-03,1.48780e-01,2.43902e-03,2.43902e-03,5.39024e-01,2.43902e-03,2.43902e-03,2.43902e-03,5.12195e-02,2.43902e-03,2.43902e-03,2.43902e-03,5.12195e-02,2.43902e-03,2.43902e-03,7.56098e-02,2.43902e-03,2.43902e-03,2.43902e-03,2.43902e-03,5.12195e-02,2.43902e-03,2.43902e-03,2.43902e-03
1.96078e-03,1.96078e-03,1.96078e-03,1.96078e-03,3.15686e-01,1.96078e-03,1.96078e-03,1.96078e-03,1.96078e-03,1.96078e-03,1.98039e-01,1.96078e-03,8.03922e-02,2.15686e-02,1.96078e-03,1.00000e-01,1.96078e-03,1.96078e-03,1.96078e-03,4.11765e-02,2.15686e-02,1.96078e-03,1.96078e-03,1.96078e-03,1.96078e-03,1.96078e-03,1.96078e-03,1.58824e-01,1.96078e-03,2.15686e-02
3.87179e-01,2.56410e-03,2.56410e-03,2.56410e-03,2.56410e-03,2.56410e-03,2.56410e-03,2.56410e-03,2.56410e-03,2.56410e-03,1.30769e-01,2.56410e-03,7.94872e-02,2.56410e-03,2.56410e-03,2.82051e-02,2.56410e-03,2.56410e-03,2.56410e-03,2.56410e-03,2.56410e-03,2.56410e-03,2.56410e-03,2.56410e-03,2.56410e-03,2.56410e-03,5.38462e-02,2.58974e-01,2.56410e-03,2.56410e-03
1.69492e-03,1.69492e-03,1.69492e-03,2.05085e-01,1.69492e-03,1.69492e-03,1.69492e-03,1.69492e-03,1.69492e-03,1.69492e-03,1.69492e-03,1.69492e-03,1.69492e-03,6.94915e-02,2.55932e-01,1.69492e-03,1.69492e-03,1.69492e-03,1.69492e-03,1.69492e-03,1.69492e-03,1.69492e-03,1.69492e-03,6.94915e-02,3.55932e-02,1.69492e-03,1.69492e-03,3.23729e-01,1.69492e-03,1.69492e-03
1.53846e-03,1.53846e-03,1.53846e-03,4.76923e-02,1.40000e-01,1.53846e-03,3.23077e-02,1.53846e-03,1.53846e-03,1.53846e-03,1.53846e-03,9.38462e-02,3.86154e-01,1.53846e-03,1.53846e-03,1.53846e-03,1.53846e-03,1.53846e-03,3.23077e-02,1.53846e-03,1.53846e-03,1.69231e-02,1.53846e-03,1.53846e-03,1.53846e-03,1.53846e-03,1.53846e-03,1.53846e-03,1.40000e-01,7.84615e-02
2.00000e-02,1.81818e-03,1.81818e-03,1.81818e-03,1.81818e-03,1.81818e-03,1.81818e-03,3.47273e-01,1.81818e-03,1.29091e-01,3.81818e-02,1.81818e-03,1.81818e-03,1.47273e-01,1.81818e-03,1.81818e-03,5.63636e-02,1.81818e-03,1.81818e-03,1.47273e-01,1.81818e-03,1.81818e-03,1.81818e-03,1.81818e-03,2.00000e-02,1.81818e-03,5.63636e-02,1.81818e-03,1.81818e-03,1.81818e-03
4.88372e-02,2.32558e-03,7.20930e-02,2.32558e-03,2.32558e-03,2.32558e-03,2.32558e-03,1.18605e-01,9.53488e-02,2.32558e-03,2.32558e-03,1.65116e-01,2.32558e-03,2.32558e-03,1.41860e-01,2.32558e-03,2.55814e-02,2.11628e-01,2.55814e-02,2.32558e-03,2.32558e-03,2.32558e-03,2.32558e-03,2.32558e-03,2.32558e-03,2.32558e-03,2.32558e-03,2.55814e-02,2.32558e-03,2.55814e-02
2.94118e-03,2.94118e-03,3.23529e-02,2.94118e-03,2.94118e-03,2.94118e-03,2.94118e-03,2.94118e-03,2.94118e-03,9.11765e-02,2.94118e-03,2.94118e-03,2.94118e-03,2.94118e-03,2.94118e-03,2.94118e-03,2.94118e-03,2.94118e-03,2.08824e-01,5.32353e-01,2.94118e-03,2.94118e-03,2.94118e-03,2.94118e-03,2.94118e-03,2.94118e-03,2.94118e-03,2.94118e-03,2.94118e-03,6.17647e-02
2.38095e-03,2.38095e-03,2.38095e-03,2.38095e-03,2.38095e-03,2.38095e-03,5.00000e-02,2.38095e-03,2.38095e-03,2.38095e-03,2.38095e-03,2.38095e-03,2.38095e-03,1.69048e-01,2.38095e-03,2.38095e-03,2.38095e-03,2.38095e-03,2.38095e-03,2.38095e-03,2.38095e-03,1.21429e-01,3.11905e-01,2.61905e-02,2.38095e-03,2.38095e-03,2.38095e-03,2.38095e-03,2.64286e-01,2.38095e-03
1.78571e-03,1.78571e-03,1.78571e-03,1.78571e-03,1.78571e-03,2.69643e-01,1.78571e-03,5.53571e-02,1.78571e-03,1.78571e-03,1.78571e-03,5.53571e-02,1.26786e-01,1.78571e-03,1.78571e-03,1.78571e-03,1.78571e-03,1.78571e-03,1.78571e-03,1.78571e-03,1.96429e-02,1.78571e-03,5.53571e-02,1.78571e-03,1.78571e-03,1.78571e-03,1.78571e-03,2.51786e-01,1.26786e-01,1.78571e-03
3.69388e-01,2.04082e-03,2.04082e-03,2.04082e-03,2.24490e-02,2.04082e-03,2.04082e-03,2.04082e-03,2.04082e-03,2.04082e-03,1.44898e-01,2.04082e-03,2.04082e-03,2.04082e-03,2.04082e-03,8.36735e-02,2.04082e-03,2.04082e-03,2.04082e-03,2.67347e-01,2.04082e-03,2.04082e-03,2.04082e-03,2.04082e-03,2.04082e-03,2.04082e-03,2.04082e-03,2.04082e-03,2.04082e-03,6.32653e-02
1.56897e-01,1.72414e-03,1.72414e-03,1.72414e-03,1.72414e-03,1.72414e-03,1.72414e-03,1.72414e-03,1.72414e-03,1.74138e-01,1.74138e-01,1.72414e-03,1.72414e-03,1.72414e-03,3.62069e-02,1.72414e-03,1.72414e-03,1.89655e-02,1.72414e-03,1.89655e-02,1.72414e-03,1.72414e-03,1.72414e-03,5.34483e-02,1.72414e-03,1.72414e-03,3.29310e-01,1.72414e-03,1.72414e-03,1.72414e-03
1.55000e-01,5.00000e-03,5.50000e-02,5.00000e-03,5.00000e-03,5.00000e-03,5.00000e-03,5.00000e-03,5.00000e-03,5.00000e-03,5.00000e-03,5.00000e-03,2.05000e-01,5.00000e-03,5.00000e-03,5.00000e-03,5.00000e-03,5.00000e-03,5.50000e-02,5.00000e-03,5.00000e-03,5.50000e-02,5.00000e-03,5.00000e-03,5.50000e-02,5.00000e-03,1.05000e-01,5.50000e-02,5.00000e-03,1.55000e-01
3.10256e-01,2.56410e-03,2.56410e-03,2.56410e-03,2.56410e-03,2.82051e-02,2.56410e-03,2.07692e-01,2.56410e-03,2.56410e-03,5.38462e-02,2.82051e-02,2.56410e-03,2.56410e-03,2.56410e-03,2.56410e-03,2.56410e-03,2.56410e-03,2.56410e-03,2.56410e-03,2.56410e-03,2.56410e-03,2.56410e-03,2.56410e-03,2.82051e-02,2.56410e-03,2.56410e-03,7.94872e-02,2.07692e-01,2.56410e-03
5.88235e-03,6.47059e-02,5.88235e-03,5.88235e-03,5.88235e-03,5.88235e-03,5.88235e-03,5.88235e-03,5.88235e-03,6.47059e-02,4.76471e-01,1.23529e-01,6.47059e-02,5.88235e-03,5.88235e-03,5.88235e-03,5.88235e-03,5.88235e-03,5.88235e-03,5.88235e-03,5.88235e-03,5.88235e-03,6.47059e-02,5.88235e-03,5.88235e-03,5.88235e-03,5.88235e-03,5.88235e-03,5.88235e-03,5.88235e-03
2.56410e-03,2.56410e-03,2.56410e-03,2.56410e-03,2.56410e-03,2.56410e-03,2.56410e-03,2.56410e-03,2.56410e-03,2.56410e-03,5.38462e-02,2.56410e-03,2.82051e-02,2.56410e-03,2.56410e-03,2.56410e-03,2.56410e-03,2.56410e-03,2.56410e-03,2.56410e-03,2.56410e-03,2.56410e-03,2.56410e-03,8.23077e-01,2.56410e-03,2.56410e-03,2.56410e-03,2.82051e-02,2.56410e-03,2.56410e-03
2.08333e-03,2.08333e-03,6.45833e-02,2.08333e-03,2.08333e-03,2.08333e-03,2.08333e-03,2.08333e-03,2.08333e-03,2.08333e-03,2.08333e-03,2.08333e-03,2.08333e-03,2.29167e-02,2.08333e-03,1.27083e-01,2.93750e-01,2.08333e-03,2.29167e-02,8.54167e-02,8.54167e-02,2.08333e-03,2.08333e-03,2.08333e-03,2.08333e-03,2.10417e-01,2.08333e-03,2.08333e-03,4.37500e-02,2.08333e-03
2.77778e-03,2.77778e-03,2.77778e-03,2.77778e-03,2.77778e-03,2.77778e-03,2.77778e-03,5.83333e-02,2.77778e-03,3.05556e-02,2.77778e-03,1.69444e-01,2.77778e-03,2.77778e-03,2.77778e-03,2.77778e-03,8.61111e-02,2.77778e-03,8.61111e-02,8.61111e-02,2.77778e-03,2.77778e-03,2.77778e-03,2.77778e-03,2.77778e-03,2.77778e-03,3.05556e-02,3.63889e-01,3.05556e-02,2.77778e-03
2.56410e-03,2.56410e-03,2.56410e-03,2.56410e-03,1.30769e-01,2.56410e-03,2.56410e-03,2.56410e-03,2.56410e-03,1.05128e-01,5.38462e-02,2.56410e-03,7.94872e-02,2.56410e-03,2.56410e-03,2.56410e-03,2.33333e-01,1.56410e-01,2.56410e-03,1.56410e-01,2.56410e-03,2.56410e-03,2.56410e-03,2.56410e-03,2.56410e-03,2.56410e-03,2.82051e-02,2.56410e-03,2.56410e-03,2.56410e-03
2.27273e-03,2.50000e-02,2.27273e-03,2.27273e-03,2.27273e-03,2.27273e-03,2.50000e-02,2.27273e-03,2.27273e-03,2.27273e-03,3.88636e-01,1.15909e-01,2.50000e-02,2.27273e-03,2.27273e-03,1.38636e-01,2.27273e-03,2.27273e-03,4.77273e-02,2.27273e-03,2.27273e-03,2.27273e-03,9.31818e-02,2.27273e-03,2.27273e-03,2.27273e-03,2.27273e-03,9.31818e-02,2.27273e-03,2.27273e-03
3.33333e-03,3.66667e-02,3.33333e-03,3.66667e-02,3.33333e-03,3.33333e-03,3.33333e-03,3.33333e-03,3.33333e-03,3.33333e-03,3.66667e-02,3.33333e-03,3.33333e-03,3.33333e-03,3.33333e-03,3.33333e-03,3.66667e-02,3.33333e-03,1.36667e-01,3.33333e-03,3.33333e-03,4.70000e-01,3.33333e-03,3.33333e-03,3.33333e-03,3.33333e-03,1.70000e-01,3.33333e-03,3.33333e-03,3.33333e-03
1.36986e-03,2.87671e-02,4.24658e-02,1.50685e-02,1.36986e-03,1.36986e-03,1.36986e-03,1.36986e-03,1.36986e-03,5.61644e-02,8.35616e-02,4.24658e-02,1.52055e-01,1.10959e-01,2.34247e-01,1.36986e-03,1.36986e-03,1.50685e-02,1.36986e-03,1.36986e-03,1.36986e-03,1.36986e-03,1.36986e-03,5.61644e-02,1.36986e-03,1.36986e-03,1.24658e-01,1.36986e-03,1.50685e-02,1.36986e-03
2.32558e-03,2.32558e-03,2.32558e-03,1.41860e-01,2.32558e-03,2.32558e-03,2.32558e-03,2.32558e-03,2.32558e-03,2.32558e-03,7.20930e-02,2.11628e-01,2.11628e-01,2.32558e-03,2.32558e-03,2.32558e-03,2.32558e-03,2.32558e-03,4.88372e-02,2.11628e-01,2.32558e-03,2.32558e-03,2.32558e-03,2.32558e-03,2.32558e-03,2.55814e-02,2.32558e-03,2.32558e-03,2.55814e-02,2.32558e-03
2.50000e-03,2.50000e-03,2.50000e-03,2.50000e-03,2.50000e-03,2.50000e-03,2.50000e-03,2.50000e-03,2.50000e-03,7.75000e-02,1.52500e-01,2.50000e-03,2.50000e-03,2.50000e-03,2.50000e-03,2.50000e-03,1.77500e-01,2.50000e-03,2.50000e-03,2.50000e-03,2.50000e-03,2.50000e-03,2.50000e-03,1.02500e-01,2.50000e-03,2.75000e-02,2.50000e-03,4.02500e-01,2.50000e-03,2.50000e-03
1.66667e-03,1.66667e-03,1.66667e-03,1.66667e-03,1.66667e-03,1.66667e-03,1.01667e-01,1.66667e-03,1.83333e-02,1.66667e-03,1.83333e-02,1.83333e-02,1.66667e-03,1.66667e-03,3.01667e-01,1.66667e-03,1.66667e-03,1.66667e-03,1.01667e-01,1.66667e-03,1.66667e-03,1.66667e-03,1.66667e-03,1.83333e-02,1.66667e-03,3.50000e-02,1.85000e-01,1.18333e-01,5.16667e-02,1.66667e-03
2.70270e-03,2.97297e-02,2.70270e-03,2.70270e-03,8.37838e-02,2.70270e-03,2.70270e-03,2.70270e-03,2.70270e-03,2.72973e-01,2.70270e-03,8.37838e-02,2.70270e-03,2.70270e-03,2.70270e-03,2.70270e-03,5.67568e-02,2.70270e-03,2.70270e-03,1.10811e-01,2.70270e-03,2.70270e-03,2.70270e-03,2.70270e-03,2.70270e-03,2.70270e-03,2.45946e-01,2.70270e-03,5.67568e-02,2.70270e-03
2.97297e-02,2.70270e-03,2.70270e-03,2.70270e-03,2.70270e-03,2.70270e-03,5.67568e-02,1.10811e-01,2.70270e-03,3.27027e-01,2.70270e-03,2.70270e-03,2.70270e-03,2.70270e-03,2.70270e-03,2.70270e-03,2.70270e-03,2.70270e-03,2.70270e-03,3.00000e-01,2.70270e-03,2.70270e-03,1.10811e-01,2.70270e-03,2.70270e-03,2.70270e-03,2.70270e-03,2.70270e-03,2.70270e-03,2.70270e-03
1.69048e-01,2.38095e-03,2.38095e-03,1.69048e-01,7.38095e-02,2.38095e-03,2.38095e-03,2.38095e-03,2.38095e-03,2.38095e-03,2.38095e-03,2.38095e-03,1.45238e-01,2.38095e-03,1.45238e-01,2.38095e-03,2.38095e-03,1.92857e-01,2.61905e-02,2.38095e-03,2.38095e-03,2.61905e-02,2.38095e-03,2.38095e-03,2.38095e-03,2.38095e-03,2.38095e-03,2.38095e-03,2.38095e-03,2.38095e-03
2.08333e-03,2.08333e-03,2.10417e-01,2.52083e-01,6.45833e-02,2.08333e-03,2.08333e-03,2.08333e-03,2.08333e-03,2.08333e-03,2.08333e-03,2.08333e-03,2.08333e-03,2.08333e-03,1.27083e-01,2.08333e-03,2.08333e-03,1.06250e-01,2.08333e-03,8.54167e-02,2.08333e-03,4.37500e-02,2.08333e-03,2.08333e-03,2.08333e-03,2.29167e-02,4.37500e-02,2.08333e-03,2.08333e-03,2.08333e-03
2.12766e-03,2.12766e-03,2.12766e-03,2.12766e-03,2.12766e-03,2.12766e-03,4.46809e-02,2.12766e-03,2.12766e-03,1.51064e-01,2.34043e-02,1.93617e-01,2.12766e-03,2.12766e-03,2.12766e-03,2.12766e-03,2.12766e-03,2.12766e-03,4.27660e-01,2.12766e-03,2.12766e-03,2.12766e-03,2.12766e-03,2.12766e-03,2.12766e-03,2.12766e-03,1.08511e-01,2.12766e-03,2.12766e-03,2.12766e-03
2.70270e-03,2.70270e-03,2.97297e-02,8.37838e-02,5.67568e-02,2.70270e-03,1.37838e-01,2.70270e-03,2.70270e-03,2.45946e-01,2.70270e-03,2.70270e-03,1.37838e-01,2.97297e-02,2.70270e-03,2.18919e-01,2.70270e-03,2.70270e-03,2.70270e-03,2.70270e-03,2.70270e-03,2.70270e-03,2.70270e-03,2.70270e-03,2.70270e-03,2.70270e-03,2.70270e-03,2.70270e-03,2.70270e-03,2.70270e-03
5.55319e-01,2.12766e-03,2.12766e-03,2.12766e-03,2.12766e-03,2.12766e-03,2.12766e-03,2.12766e-03,2.12766e-03,2.12766e-03,1.29787e-01,2.12766e-03,2.12766e-03,2.12766e-03,2.12766e-03,2.34043e-02,2.12766e-03,6.59574e-02,2.34043e-02,2.12766e-03,2.12766e-03,2.34043e-02,2.12766e-03,2.12766e-03,2.34043e-02,2.12766e-03,2.12766e-03,1.08511e-01,2.12766e-03,2.12766e-03
1.49254e-03,4.62687e-02,1.49254e-03,1.49254e-03,6.11940e-02,1.49254e-03,1.49254e-03,2.85075e-01,1.49254e-03,1.49254e-03,2.55224e-01,1.49254e-03,1.49254e-03,1.49254e-03,2.55224e-01,1.49254e-03,1.49254e-03,1.49254e-03,1.49254e-03,3.13433e-02,1.49254e-03,1.49254e-03,1.49254e-03,1.49254e-03,1.49254e-03,1.49254e-03,1.49254e-03,3.13433e-02,1.49254e-03,1.49254e-03
1.42857e-03,7.28571e-02,7.28571e-02,8.71429e-02,1.42857e-03,1.42857e-03,1.42857e-03,1.42857e-03,1.42857e-03,2.58571e-01,4.42857e-02,4.42857e-02,1.42857e-03,3.00000e-02,1.42857e-03,1.57143e-02,1.01429e-01,3.00000e-02,1.42857e-03,1.42857e-03,1.42857e-03,1.42857e-03,1.42857e-03,1.42857e-03,1.42857e-03,1.42857e-03,1.42857e-03,5.85714e-02,1.44286e-01,1.57143e-02
3.22581e-03,3.22581e-03,3.22581e-03,3.22581e-03,3.22581e-03,3.22581e-03,3.22581e-03,3.22581e-03,3.54839e-02,6.16129e-01,3.22581e-03,3.54839e-02,1.64516e-01,3.22581e-03,6.77419e-02,3.22581e-03,3.22581e-03,3.22581e-03,3.22581e-03,3.22581e-03,3.22581e-03,3.22581e-03,3.22581e-03,3.22581e-03,3.22581e-03,3.22581e-03,3.22581e-03,3.22581e-03,3.22581e-03,3.22581e-03
1.78431e-01,1.96078e-03,4.11765e-02,1.96078e-03,1.96078e-03,1.96078e-03,1.96078e-03,1.96078e-03,4.11765e-02,2.76471e-01,4.11765e-02,1.96078e-03,2.15686e-02,8.03922e-02,1.96078e-03,1.96078e-03,1.96078e-03,1.96078e-03,1.96078e-03,2.56863e-01,1.96078e-03,1.96078e-03,1.96078e-03,1.96078e-03,1.96078e-03,1.96078e-03,1.96078e-03,1.96078e-03,2.15686e-02,1.96078e-03
2.12766e-03,1.72340e-01,2.34043e-02,2.12766e-03,2.12766e-03,2.12766e-03,6.59574e-02,2.12766e-03,2.12766e-03,1.29787e-01,6.59574e-02,2.12766e-03,1.08511e-01,2.12766e-03,2.12766e-03,4.46809e-02,2.12766e-03,2.12766e-03,8.72340e-02,2.34043e-02,2.12766e-03,2.12766e-03,2.12766e-03,2.12766e-03,2.12766e-03,2.12766e-03,2.36170e-01,2.12766e-03,2.12766e-03,2.12766e-03
1.05128e-01,2.56410e-03,1.30769e-01,2.07692e-01,2.56410e-03,2.56410e-03,2.56410e-03,1.56410e-01,2.56410e-03,1.05128e-01,5.38462e-02,2.56410e-03,2.56410e-03,2.56410e-03,2.56410e-03,2.56410e-03,2.56410e-03,2.56410e-03,2.56410e-03,5.38462e-02,2.56410e-03,2.56410e-03,2.56410e-03,2.56410e-03,2.56410e-03,2.56410e-03,1.30769e-01,2.56410e-03,2.56410e-03,2.56410e-03
1.96078e-03,2.76471e-01,1.96078e-03,1.96078e-03,8.03922e-02,1.96078e-03,2.15686e-02,8.03922e-02,1.96078e-03,1.96078e-03,1.96078e-03,1.98039e-01,1.96078e-03,1.96078e-03,1.96078e-03,1.96078e-03,1.96078e-03,1.96078e-03,2.15686e-02,1.96078e-03,1.96078e-03,2.15686e-02,1.96078e-03,2.56863e-01,1.96078e-03,1.96078e-03,1.96078e-03,1.96078e-03,1.96078e-03,1.96078e-03
3.57143e-03,3.57143e-03,3.57143e-03,3.57143e-03,3.25000e-01,3.57143e-03,3.57143e-03,3.57143e-03,3.57143e-03,3.57143e-03,5.39286e-01,3.92857e-02,3.57143e-03,3.57143e-03,3.57143e-03,3.57143e-03,3.57143e-03,3.57143e-03,3.57143e-03,3.57143e-03,3.57143e-03,3.57143e-03,3.57143e-03,3.57143e-03,3.57143e-03,3.57143e-03,3.57143e-03,3.57143e-03,3.57143e-03,3.57143e-03
2.50000e-03,1.27500e-01,2.50000e-03,2.50000e-03,2.50000e-03,2.02500e-01,2.50000e-03,2.75000e-02,2.50000e-03,2.50000e-03,2.50000e-03,1.02500e-01,1.27500e-01,2.02500e-01,2.50000e-03,2.50000e-03,1.27500e-01,2.50000e-03,2.50000e-03,2.50000e-03,2.50000e-03,2.50000e-03,2.50000e-03,2.50000e-03,2.50000e-03,2.50000e-03,2.50000e-03,2.50000e-03,2.75000e-02,2.50000e-03
2.00000e-03,1.02000e-01,2.20000e-02,1.22000e-01,2.00000e-03,2.00000e-03,2.00000e-03,2.20000e-02,2.00000e-03,2.00000e-03,2.00000e-03,2.00000e-03,4.20000e-02,2.00000e-03,2.00000e-03,1.42000e-01,2.00000e-03,2.20000e-02,2.20000e-02,2.00000e-03,2.42000e-01,2.00000e-03,4.20000e-02,2.00000e-03,2.00000e-03,2.00000e-03,2.00000e-03,1.82000e-01,2.00000e-03,2.00000e-03
3.44828e-03,7.24138e-02,3.44828e-03,1.06897e-01,3.44828e-03,3.44828e-03,3.44828e-03,3.44828e-03,3.44828e-03,3.44828e-03,1.06897e-01,3.44828e-03,3.44828e-03,1.06897e-01,1.75862e-01,3.44828e-03,3.44828e-03,3.44828e-03,3.79310e-02,2.79310e-01,3.44828e-03,3.44828e-03,3.44828e-03,3.44828e-03,3.44828e-03,3.44828e-03,3.44828e-03,3.44828e-03,3.44828e-03,3.79310e-02
2.85714e-03,2.85714e-03,1.17143e-01,2.85714e-03,2.85714e-03,2.85714e-03,2.85714e-03,3.14286e-02,2.85714e-03,2.85714e-03,2.02857e-01,2.85714e-03,2.85714e-03,2.85714e-03,1.17143e-01,6.00000e-02,2.85714e-03,2.85714e-03,2.31429e-01,2.85714e-03,2.85714e-03,2.85714e-03,2.85714e-03,2.85714e-03,2.85714e-03,2.85714e-03,2.85714e-03,1.17143e-01,6.00000e-02,2.85714e-03
2.12766e-03,1.08511e-01,2.12766e-03,2.12766e-03,2.12766e-03,2.34043e-02,2.12766e-03,2.12766e-03,6.59574e-02,2.12766e-03,1.51064e-01,2.12766e-03,2.34043e-02,6.59574e-02,2.12766e-03,2.34043e-02,2.12766e-03,2.12766e-03,2.12766e-03,2.12766e-03,1.08511e-01,1.51064e-01,4.46809e-02,2.12766e-03,1.93617e-01,2.12766e-03,2.12766e-03,2.12766e-03,2.12766e-03,2.12766e-03
5.52632e-02,5.52632e-02,2.63158e-03,2.63158e-03,2.63158e-03,2.63158e-03,2.63158e-03,2.89474e-02,2.63158e-03,2.63158e-03,2.89474e-02,2.63158e-03,2.63158e-03,2.63158e-03,2.63158e-03,2.63158e-03,2.63158e-03,2.63158e-03,2.63158e-03,2.63158e-03,2.63158e-03,2.63158e-03,2.63158e-03,2.63158e-03,2.63158e-03,1.34211e-01,2.63158e-03,5.81579e-01,2.63158e-03,5.52632e-02
3.92857e-02,3.57143e-03,3.57143e-03,1.10714e-01,3.92857e-02,3.57143e-03,3.57143e-03,3.57143e-03,3.57143e-03,3.57143e-03,7.50000e-02,3.57143e-03,3.57143e-03,3.57143e-03,3.57143e-03,3.57143e-03,3.57143e-03,3.57143e-03,3.57143e-03,3.60714e-01,3.57143e-03,3.92857e-02,3.57143e-03,3.57143e-03,3.57143e-03,3.57143e-03,3.92857e-02,1.46429e-01,3.57143e-03,7.50000e-02
4.88372e-02,2.55814e-02,2.32558e-03,2.55814e-02,2.55814e-02,2.32558e-03,2.32558e-03,4.88372e-02,2.55814e-02,2.32558e-03,2.11628e-01,2.32558e-03,2.32558e-03,2.32558e-03,9.53488e-02,2.32558e-03,2.32558e-03,2.32558e-03,3.74419e-01,2.32558e-03,2.32558e-03,2.32558e-03,2.32558e-03,2.32558e-03,2.32558e-03,7.20930e-02,2.32558e-03,2.32558e-03,2.32558e-03,2.32558e-03
2.17391e-03,2.17391e-03,2.17391e-03,2.17391e-03,2.17391e-03,2.17391e-03,2.17391e-03,2.17391e-03,2.17391e-03,2.17391e-03,8.91304e-02,2.17391e-03,1.32609e-01,2.17391e-03,2.17391e-03,6.73913e-02,2.39130e-02,2.17391e-03,2.39130e-02,2.17391e-03,2.17391e-03,2.39130e-02,2.17391e-03,2.17391e-03,2.17391e-03,2.39130e-02,1.76087e-01,3.93478e-01,2.17391e-03,2.17391e-03
3.03030e-03,3.33333e-02,3.03030e-03,3.03030e-03,3.33333e-02,3.03030e-03,3.03030e-03,3.03030e-03,3.03030e-03,2.45455e-01,3.03030e-03,3.03030e-03,3.03030e-03,6.36364e-02,2.75758e-01,3.03030e-03,3.03030e-03,3.03030e-03,3.03030e-03,3.03030e-03,3.03030e-03,3.03030e-03,3.03030e-03,3.03030e-03,3.03030e-03,3.03030e-03,3.03030e-03,2.75758e-01,3.03030e-03,3.03030e-03
2.50000e-03,1.52500e-01,2.50000e-03,1.77500e-01,2.50000e-03,2.50000e-03,2.50000e-03,1.77500e-01,2.50000e-03,2.50000e-03,7.75000e-02,1.02500e-01,2.50000e-03,2.50000e-03,2.50000e-03,1.52500e-01,2.50000e-03,2.50000e-03,2.50000e-03,2.50000e-03,7.75000e-02,2.50000e-03,2.50000e-03,2.75000e-02,2.50000e-03,2.50000e-03,2.50000e-03,2.50000e-03,2.50000e-03,2.50000e-03
3.12500e-03,3.12500e-03,9.68750e-02,1.59375e-01,3.12500e-03,3.12500e-03,3.12500e-03,3.12500e-03,3.12500e-03,2.53125e-01,3.12500e-03,3.12500e-03,3.12500e-03,9.68750e-02,3.12500e-03,3.12500e-03,3.12500e-03,3.12500e-03,3.12500e-03,1.90625e-01,3.12500e-03,3.12500e-03,3.12500e-03,3.12500e-03,3.12500e-03,3.12500e-03,3.12500e-03,1.28125e-01,3.12500e-03,3.12500e-03
1.96078e-03,1.96078e-03,1.96078e-03,1.39216e-01,2.17647e-01,1.96078e-03,1.96078e-03,1.96078e-03,1.96078e-03,1.39216e-01,6.07843e-02,1.96078e-03,1.96078e-03,1.96078e-03,1.96078e-03,1.96078e-03,8.03922e-02,1.96078e-03,1.96078e-03,4.11765e-02,4.11765e-02,1.96078e-03,1.96078e-03,1.96078e-03,1.96078e-03,2.15686e-02,4.11765e-02,1.96078e-03,1.78431e-01,1.96078e-03
2.84783e-01,2.17391e-03,1.10870e-01,1.32609e-01,4.56522e-02,2.17391e-03,2.17391e-03,2.17391e-03,2.17391e-03,2.17391e-03,2.17391e-03,2.17391e-03,2.17391e-03,2.17391e-03,8.91304e-02,2.17391e-03,2.17391e-03,2.17391e-03,2.17391e-03,2.17391e-03,2.17391e-03,2.17391e-03,2.17391e-03,2.17391e-03,2.17391e-03,2.84783e-01,2.17391e-03,2.17391e-03,2.17391e-03,2.17391e-03
1.92308e-03,1.92308e-03,1.92308e-03,1.92308e-03,1.92308e-03,1.92308e-03,4.03846e-02,2.90385e-01,2.11538e-02,3.09615e-01,1.92308e-03,1.92308e-03,4.03846e-02,1.92308e-03,1.92308e-03,1.92308e-03,1.92308e-03,1.92308e-03,7.88462e-02,1.92308e-03,1.92308e-03,1.55769e-01,2.11538e-02,1.92308e-03,1.92308e-03,1.92308e-03,1.92308e-03,1.92308e-03,1.92308e-03,1.92308e-03
2.75000e-02,2.50000e-03,2.50000e-03,1.27500e-01,2.75000e-02,2.50000e-03,1.27500e-01,2.75000e-02,2.50000e-03,2.75000e-02,7.75000e-02,2.50000e-03,1.02500e-01,2.50000e-03,7.75000e-02,2.50000e-03,2.50000e-03,2.50000e-03,2.50000e-03,1.77500e-01,2.50000e-03,2.50000e-03,2.50000e-03,2.50000e-03,2.50000e-03,7.75000e-02,2.50000e-03,7.75000e-02,2.50000e-03,2.50000e-03
2.94118e-03,2.94118e-03,2.94118e-03,1.79412e-01,2.94118e-03,2.94118e-03,2.94118e-03,2.94118e-03,2.94118e-03,3.23529e-02,2.94118e-03,1.50000e-01,2.94118e-03,2.94118e-03,3.23529e-02,2.94118e-03,2.94118e-03,1.20588e-01,2.94118e-03,9.11765e-02,2.94118e-03,2.94118e-03,2.08824e-01,2.94118e-03,2.94118e-03,1.20588e-01,2.94118e-03,2.94118e-03,2.94118e-03,2.94118e-03
2.50000e-03,2.50000e-03,2.50000e-03,2.50000e-03,1.77500e-01,2.50000e-03,2.50000e-03,2.50000e-03,2.50000e-03,1.02500e-01,2.50000e-03,2.50000e-03,7.75000e-02,2.50000e-03,2.50000e-03,2.50000e-03,2.52500e-01,2.75000e-02,2.50000e-03,1.77500e-01,2.75000e-02,2.50000e-03,2.50000e-03,2.75000e-02,2.50000e-03,7.75000e-02,2.50000e-03,2.50000e-03,2.50000e-03,2.50000e-03
2.85714e-03,2.85714e-03,2.85714e-03,6.00000e-02,1.17143e-01,1.17143e-01,3.14286e-02,2.85714e-03,2.85714e-03,2.85714e-03,2.85714e-03,2.85714e-03,2.60000e-01,2.85714e-03,3.14286e-02,2.85714e-03,2.85714e-03,2.88571e-01,2.85714e-03,2.85714e-03,2.85714e-03,2.85714e-03,2.85714e-03,2.85714e-03,2.85714e-03,3.14286e-02,2.85714e-03,2.85714e-03,2.85714e-03,2.85714e-03
7.56098e-02,2.43902e-03,1.24390e-01,1.24390e-01,2.43902e-03,2.43902e-03,2.43902e-03,1.00000e-01,2.43902e-03,2.43902e-03,2.43902e-03,2.43902e-03,2.43902e-03,2.43902e-03,2.43902e-03,2.43902e-03,2.68293e-02,2.43902e-03,2.46341e-01,7.56098e-02,2.43902e-03,2.43902e-03,2.43902e-03,2.43902e-03,2.43902e-03,2.43902e-03,2.43902e-03,1.73171e-01,2.43902e-03,2.43902e-03
2.27273e-03,2.27273e-03,2.27273e-03,2.27273e-03,2.27273e-03,2.27273e-03,2.27273e-03,1.84091e-01,2.50000e-02,3.20455e-01,2.27273e-03,2.50000e-02,2.50000e-02,2.27273e-03,2.27273e-03,2.27273e-03,9.31818e-02,2.27273e-03,2.27273e-03,2.27273e-03,2.27273e-03,2.27273e-03,2.27273e-03,2.27273e-03,7.04545e-02,4.77273e-02,2.27273e-03,1.38636e-01,2.50000e-02,2.27273e-03
7.94872e-02,2.56410e-03,2.56410e-03,2.56410e-03,2.56410e-03,2.82051e-02,2.56410e-03,1.30769e-01,2.56410e-03,2.82051e-02,1.56410e-01,2.56410e-03,2.82051e-02,2.56410e-03,2.56410e-03,2.56410e-03,2.56410e-03,2.56410e-03,1.30769e-01,7.94872e-02,2.56410e-03,2.56410e-03,1.30769e-01,2.56410e-03,2.56410e-03,2.56410e-03,1.56410e-01,2.56410e-03,2.56410e-03,2.56410e-03
9.09091e-03,9.09091e-03,9.09091e-03,1.90909e-01,9.09091e-03,9.09091e-03,9.09091e-03,9.09091e-03,9.09091e-03,9.09091e-03,9.09091e-03,9.09091e-03,9.09091e-03,9.09091e-03,9.09091e-03,9.09091e-03,9.09091e-03,2.81818e-01,9.09091e-03,9.09091e-03,9.09091e-03,9.09091e-03,9.09091e-03,9.09091e-03,9.09091e-03,1.00000e-01,9.09091e-03,9.09091e-03,9.09091e-03,1.90909e-01
2.70270e-03,2.70270e-03,2.97297e-02,2.70270e-03,2.70270e-03,2.70270e-03,1.91892e-01,2.70270e-03,2.70270e-03,2.70270e-03,2.70270e-03,2.70270e-03,2.70270e-03,2.70270e-03,1.37838e-01,2.97297e-02,2.70270e-03,2.70270e-03,2.70270e-03,5.67568e-02,1.91892e-01,2.70270e-03,2.70270e-03,2.70270e-03,2.70270e-03,2.70270e-03,2.70270e-03,2.70270e-03,3.00000e-01,2.70270e-03
4.20000e-02,2.42000e-01,2.00000e-03,2.00000e-03,2.00000e-03,2.20000e-02,2.00000e-03,2.00000e-03,2.20000e-02,1.02000e-01,2.00000e-03,2.00000e-03,1.02000e-01,2.00000e-03,2.00000e-03,2.42000e-01,2.00000e-03,2.00000e-03,2.00000e-03,4.20000e-02,2.00000e-03,2.00000e-03,2.00000e-03,2.00000e-03,2.00000e-03,2.00000e-03,2.00000e-03,4.20000e-02,4.20000e-02,6.20000e-02
1.36538e-01,2.11538e-02,1.92308e-03,1.92308e-03,4.03846e-02,1.92308e-03,1.92308e-03,1.92308e-03,2.11538e-02,1.92308e-03,1.92308e-03,1.92308e-03,1.92308e-03,1.92308e-03,1.92308e-03,1.92308e-03,1.17308e-01,1.92308e-03,1.92308e-03,1.92308e-03,1.92308e-03,1.92308e-03,5.96154e-02,1.55769e-01,1.92308e-03,2.11538e-02,4.03846e-02,1.92308e-03,3.48077e-01,1.92308e-03
2.43902e-03,2.43902e-03,2.43902e-03,2.43902e-03,2.43902e-03,2.43902e-03,2.43902e-03,2.43902e-03,2.43902e-03,1.48780e-01,2.43902e-03,1.48780e-01,1.48780e-01,2.43902e-03,2.43902e-03,2.68293e-02,2.70732e-01,2.43902e-03,2.43902e-03,2.43902e-03,2.43902e-03,2.43902e-03,2.43902e-03,2.43902e-03,2.43902e-03,2.43902e-03,2.43902e-03,2.68293e-02,1.48780e-01,2.68293e-02
2.94118e-03,2.94118e-03,2.94118e-03,5.32353e-01,2.94118e-03,2.94118e-03,3.23529e-02,2.94118e-03,2.94118e-03,2.94118e-03,6.17647e-02,2.94118e-03,2.94118e-03,2.67647e-01,2.94118e-03,2.94118e-03,2.94118e-03,2.94118e-03,2.94118e-03,2.94118e-03,2.94118e-03,2.94118e-03,3.23529e-02,2.94118e-03,2.94118e-03,2.94118e-03,2.94118e-03,2.94118e-03,2.94118e-03,2.94118e-03
3.03030e-03,3.03030e-03,3.03030e-03,5.18182e-01,3.03030e-03,3.03030e-03,1.54545e-01,3.03030e-03,3.03030e-03,3.03030e-03,6.36364e-02,3.03030e-03,3.03030e-03,3.03030e-03,3.03030e-03,3.03030e-03,3.03030e-03,3.03030e-03,6.36364e-02,3.03030e-03,9.39394e-02,3.03030e-03,3.33333e-02,3.03030e-03,3.03030e-03,3.03030e-03,3.03030e-03,3.03030e-03,3.03030e-03,3.03030e-03
2.25926e-01,5.59259e-01,3.70370e-03,3.70370e-03,3.70370e-03,3.70370e-03,4.07407e-02,3.70370e-03,3.70370e-03,3.70370e-03,7.77778e-02,3.70370e-03,3.70370e-03,3.70370e-03,3.70370e-03,3.70370e-03,3.70370e-03,3.70370e-03,3.70370e-03,3.70370e-03,3.70370e-03,3.70370e-03,3.70370e-03,3.70370e-03,3.70370e-03,3.70370e-03,3.70370e-03,3.70370e-03,3.70370e-03,3.70370e-03
2.19565e-01,3.06522e-01,2.17391e-03,2.17391e-03,2.17391e-03,4.56522e-02,2.17391e-03,2.17391e-03,2.17391e-03,2.17391e-03,2.17391e-03,2.17391e-03,2.17391e-03,4.56522e-02,2.17391e-03,2.17391e-03,2.39130e-02,2.17391e-03,2.17391e-03,2.17391e-03,8.91304e-02,2.39130e-02,4.56522e-02,8.91304e-02,2.17391e-03,2.17391e-03,2.17391e-03,2.39130e-02,4.56522e-02,2.17391e-03
2.12766e-03,2.12766e-03,2.12766e-03,2.34043e-02,2.12766e-03,4.46809e-02,4.46809e-02,2.34043e-02,2.12766e-03,2.12766e-03,2.34043e-02,4.46809e-02,2.12766e-03,2.12766e-03,2.12766e-03,2.12766e-03,4.46809e-02,2.12766e-03,2.12766e-03,2.12766e-03,2.34043e-02,2.12766e-03,4.91489e-01,2.12766e-03,2.12766e-03,2.12766e-03,2.12766e-03,2.12766e-03,1.08511e-01,8.72340e-02
2.94118e-03,2.94118e-03,9.11765e-02,2.94118e-03,6.17647e-02,2.94118e-03,2.94118e-03,3.23529e-02,1.79412e-01,2.94118e-03,2.94118e-03,2.94118e-03,2.94118e-03,2.94118e-03,1.79412e-01,2.94118e-03,2.94118e-03,2.94118e-03,1.20588e-01,2.94118e-03,2.94118e-03,2.94118e-03,2.94118e-03,2.94118e-03,2.94118e-03,2.94118e-03,1.50000e-01,2.94118e-03,2.94118e-03,1.20588e-01
2.50000e-03,2.50000e-03,5.25000e-02,5.25000e-02,2.50000e-03,2.50000e-03,2.50000e-03,2.50000e-03,2.50000e-03,2.50000e-03,5.25000e-02,2.50000e-03,2.50000e-03,2.50000e-03,7.75000e-02,2.50000e-03,2.50000e-03,1.77500e-01,2.75000e-02,2.50000e-03,2.50000e-03,2.50000e-03,2.50000e-03,2.50000e-03,2.50000e-03,2.50000e-03,2.50000e-03,2.50000e-03,2.50000e-03,5.02500e-01
2.70270e-03,1.10811e-01,2.70270e-03,2.70270e-03,2.70270e-03,2.97297e-02,1.10811e-01,2.70270e-03,2.70270e-03,2.70270e-03,2.70270e-03,8.37838e-02,2.70270e-03,2.70270e-03,2.70270e-03,5.67568e-02,8.37838e-02,2.70270e-03,2.70270e-03,2.70270e-03,2.70270e-03,2.97297e-02,2.70270e-03,2.70270e-03,2.70270e-03,2.70270e-03,1.37838e-01,3.00000e-01,2.70270e-03,2.70270e-03
2.63158e-03,2.63158e-03,2.63158e-03,2.13158e-01,4.23684e-01,2.63158e-03,2.63158e-03,2.63158e-03,2.63158e-03,2.63158e-03,1.07895e-01,1.86842e-01,2.63158e-03,2.63158e-03,2.63158e-03,2.63158e-03,2.63158e-03,2.63158e-03,2.63158e-03,2.63158e-03,2.63158e-03,2.63158e-03,2.63158e-03,2.63158e-03,2.63158e-03,2.63158e-03,2.63158e-03,2.63158e-03,2.63158e-03,2.63158e-03
3.44828e-03,3.44828e-03,3.44828e-03,3.44828e-03,1.41379e-01,3.44828e-03,7.24138e-02,3.44828e-03,7.24138e-02,3.44828e-03,3.44828e-03,3.44828e-03,3.44828e-03,7.24138e-02,3.44828e-03,3.44828e-03,3.44828e-03,1.06897e-01,3.44828e-03,3.44828e-03,3.44828e-03,2.44828e-01,3.44828e-03,3.44828e-03,3.44828e-03,3.44828e-03,3.44828e-03,3.79310e-02,3.44828e-03,1.75862e-01
2.17391e-03,2.39130e-02,2.17391e-03,2.17391e-03,2.17391e-03,2.17391e-03,2.17391e-03,2.17391e-03,4.56522e-02,2.17391e-03,2.39130e-02,2.39130e-02,2.17391e-03,3.50000e-01,2.39130e-02,2.17391e-03,2.17391e-03,2.17391e-03,2.17391e-03,1.76087e-01,2.63043e-01,2.17391e-03,2.17391e-03,2.17391e-03,2.17391e-03,2.39130e-02,2.17391e-03,2.17391e-03,2.17391e-03,2.17391e-03
4.34783e-03,4.34783e-03,4.34783e-03,4.78261e-02,4.34783e-03,1.34783e-01,4.78261e-02,4.78261e-02,9.13043e-02,4.34783e-03,4.34783e-03,4.34783e-03,4.78261e-02,4.34783e-03,4.34783e-03,4.34783e-03,4.34783e-03,4.34783e-03,4.78261e-02,9.13043e-02,4.34783e-03,3.52174e-01,4.34783e-03,4.34783e-03,4.34783e-03,4.34783e-03,4.34783e-03,4.34783e-03,4.34783e-03,4.34783e-03
1.69444e-01,5.30556e-01,2.77778e-03,2.77778e-03,2.77778e-03,2.77778e-03,2.77778e-03,2.77778e-03,2.77778e-03,2.77778e-03,2.77778e-03,2.77778e-03,2.77778e-03,2.77778e-03,2.77778e-03,2.77778e-03,2.77778e-03,2.77778e-03,2.77778e-03,2.77778e-03,2.77778e-03,1.13889e-01,2.77778e-03,2.77778e-03,2.77778e-03,2.77778e-03,8.61111e-02,3.05556e-02,2.77778e-03,2.77778e-03
3.05556e-02,2.77778e-03,2.77778e-03,2.77778e-03,2.80556e-01,1.13889e-01,1.97222e-01,2.77778e-03,2.77778e-03,2.77778e-03,2.77778e-03,3.05556e-02,5.83333e-02,2.77778e-03,2.77778e-03,2.77778e-03,2.77778e-03,2.77778e-03,2.77778e-03,2.77778e-03,2.77778e-03,2.77778e-03,2.77778e-03,2.77778e-03,2.77778e-03,2.77778e-03,3.05556e-02,1.97222e-01,2.77778e-03,2.77778e-03
3.22581e-03,3.22581e-03,3.22581e-03,3.22581e-03,3.22581e-03,2.93548e-01,3.22581e-03,3.22581e-03,3.22581e-03,3.22581e-03,3.22581e-03,3.22581e-03,3.22581e-03,3.22581e-03,3.22581e-03,3.22581e-03,3.22581e-03,3.25806e-01,3.22581e-03,3.22581e-03,3.22581e-03,3.22581e-03,3.22581e-03,3.22581e-03,3.22581e-03,3.22581e-03,1.32258e-01,1.00000e-01,6.77419e-02,3.22581e-03
3.12500e-03,1.28125e-01,6.56250e-02,3.12500e-03,3.12500e-03,3.12500e-03,3.12500e-03,3.12500e-03,3.12500e-03,3.12500e-03,3.12500e-03,3.12500e-03,9.68750e-02,3.43750e-02,6.56250e-02,6.56250e-02,3.12500e-03,3.12500e-03,3.12500e-03,3.12500e-03,3.12500e-03,9.68750e-02,3.12500e-03,3.12500e-03,3.12500e-03,3.12500e-03,3.12500e-03,3.12500e-03,3.78125e-01,3.12500e-03
3.70370e-03,3.70370e-03,4.07407e-02,3.70370e-03,3.70370e-03,3.70370e-03,3.70370e-03,3.70370e-03,1.88889e-01,3.70370e-03,3.70370e-03,1.14815e-01,3.70370e-03,3.70370e-03,4.07407e-02,3.70370e-03,3.70370e-03,1.14815e-01,3.70370e-03,3.70370e-03,1.14815e-01,1.88889e-01,4.07407e-02,3.70370e-03,3.70370e-03,3.70370e-03,3.70370e-03,7.77778e-02,3.70370e-03,3.70370e-03
4.00000e-03,4.00000e-03,4.00000e-03,4.40000e-02,4.00000e-03,4.00000e-03,4.00000e-03,4.00000e-03,2.44000e-01,4.00000e-03,4.00000e-03,4.00000e-03,4.00000e-03,1.64000e-01,8.40000e-02,4.00000e-03,4.00000e-03,4.00000e-03,8.40000e-02,4.40000e-02,4.00000e-03,4.40000e-02,4.00000e-03,4.00000e-03,4.00000e-03,4.00000e-03,1.64000e-01,4.00000e-03,4.00000e-03,4.40000e-02
1.42857e-02,2.72727e-02,1.29870e-03,2.72727e-02,1.29870e-03,4.02597e-02,1.29870e-03,1.29870e-03,1.29870e-03,6.62338e-02,1.29870e-03,1.83117e-01,2.09091e-01,1.29870e-03,1.29870e-03,1.42857e-02,2.72727e-02,1.42857e-02,1.29870e-03,1.29870e-03,1.29870e-03,1.29870e-03,1.29870e-03,1.29870e-03,1.29870e-03,1.29870e-03,1.29870e-03,1.29870e-03,1.29870e-03,3.51948e-01
1.78571e-03,1.78571e-03,9.10714e-02,1.78571e-03,1.78571e-03,1.78571e-03,1.78571e-03,1.78571e-03,1.78571e-03,1.78571e-03,1.78571e-03,1.78571e-03,1.78571e-03,1.78571e-03,3.75000e-02,5.53571e-02,1.26786e-01,4.48214e-01,7.32143e-02,1.78571e-03,1.78571e-03,1.78571e-03,1.78571e-03,1.78571e-03,3.75000e-02,1.78571e-03,1.78571e-03,5.53571e-02,3.75000e-02,1.78571e-03
3.57143e-03,3.57143e-03,7.50000e-02,3.57143e-03,3.57143e-03,3.57143e-03,3.92857e-02,3.57143e-03,3.57143e-03,3.57143e-03,3.57143e-03,3.57143e-03,3.57143e-03,3.57143e-03,3.57143e-03,7.50000e-02,3.57143e-03,3.92857e-02,3.57143e-03,3.57143e-03,1.10714e-01,3.57143e-03,4.67857e-01,3.57143e-03,1.10714e-01,3.57143e-03,3.57143e-03,3.57143e-03,3.57143e-03,3.57143e-03
5.55556e-03,5.55556e-03,5.55556e-03,5.55556e-03,5.55556e-03,5.55556e-03,5.55556e-03,5.55556e-03,5.55556e-03,5.55556e-03,5.55556e-03,1.16667e-01,5.55556e-03,5.55556e-03,6.11111e-02,5.55556e-03,5.55556e-03,1.16667e-01,6.11111e-02,5.55556e-03,5.55556e-03,1.72222e-01,5.55556e-03,1.72222e-01,5.55556e-03,5.55556e-03,1.72222e-01,5.55556e-03,5.55556e-03,5.55556e-03
3.12500e-03,9.68750e-02,3.12500e-03,3.12500e-03,3.12500e-03,3.12500e-03,3.43750e-02,3.12500e-03,3.12500e-03,3.43750e-02,3.12500e-03,6.56250e-02,3.12500e-03,3.12500e-03,9.68750e-02,3.43750e-02,3.12500e-03,4.40625e-01,3.12500e-03,3.12500e-03,3.12500e-03,3.12500e-03,6.56250e-02,3.12500e-03,3.12500e-03,3.12500e-03,3.12500e-03,3.12500e-03,3.12500e-03,6.56250e-02
5.43860e-02,7.19298e-02,7.19298e-02,1.75439e-03,1.75439e-03,8.94737e-02,1.75439e-03,1.75439e-03,1.75439e-03,1.77193e-01,1.75439e-03,7.19298e-02,1.75439e-03,1.75439e-03,1.92982e-02,1.92982e-02,5.43860e-02,1.75439e-03,3.68421e-02,1.75439e-03,3.68421e-02,1.75439e-03,1.92982e-02,1.75439e-03,1.94737e-01,1.75439e-03,1.75439e-03,5.43860e-02,1.75439e-03,1.75439e-03
2.17391e-03,2.17391e-03,2.17391e-03,2.17391e-03,2.17391e-03,1.76087e-01,2.17391e-03,2.17391e-03,2.17391e-03,2.17391e-03,2.17391e-03,2.17391e-03,2.17391e-03,2.17391e-03,2.17391e-03,2.17391e-03,2.17391e-03,2.17391e-03,2.17391e-03,2.17391e-03,1.97826e-01,6.73913e-02,2.17391e-03,2.17391e-03,2.17391e-03,2.17391e-03,1.10870e-01,2.17391e-03,2.39130e-02,3.71739e-01
2.17391e-03,2.17391e-03,2.17391e-03,2.39130e-02,2.17391e-03,2.17391e-03,4.56522e-02,2.17391e-03,2.17391e-03,2.17391e-03,2.17391e-03,8.91304e-02,2.17391e-03,2.41304e-01,2.17391e-03,2.17391e-03,2.17391e-03,2.17391e-03,2.17391e-03,1.54348e-01,2.17391e-03,2.17391e-03,2.17391e-03,1.10870e-01,1.54348e-01,1.32609e-01,2.17391e-03,2.17391e-03,2.17391e-03,2.17391e-03
4.77273e-02,2.27273e-03,2.27273e-03,2.27273e-03,7.04545e-02,2.27273e-03,2.27273e-03,7.04545e-02,2.97727e-01,2.27273e-03,2.27273e-03,2.50000e-02,9.31818e-02,2.50000e-02,2.27273e-03,9.31818e-02,2.27273e-03,1.38636e-01,2.27273e-03,2.27273e-03,2.27273e-03,2.50000e-02,2.27273e-03,2.27273e-03,2.27273e-03,2.50000e-02,2.27273e-03,4.77273e-02,2.27273e-03,2.27273e-03
1.88679e-03,1.88679e-03,1.90566e-01,2.07547e-02,1.88679e-03,1.88679e-03,3.60377e-01,1.88679e-03,1.33962e-01,1.88679e-03,1.88679e-03,1.33962e-01,1.88679e-03,1.88679e-03,1.88679e-03,1.88679e-03,1.88679e-03,1.88679e-03,1.88679e-03,1.88679e-03,7.73585e-02,3.96226e-02,1.88679e-03,1.88679e-03,1.88679e-03,1.88679e-03,1.88679e-03,1.88679e-03,1.88679e-03,1.88679e-03
2.04082e-03,2.04082e-03,2.04082e-03,2.04082e-03,2.04082e-03,2.04082e-03,2.04082e-03,2.04082e-03,6.32653e-02,2.04082e-03,2.04082e-03,4.28571e-02,2.04082e-03,2.04082e-03,2.04082e-03,2.04082e-03,2.04082e-03,6.32653e-02,6.14286e-01,2.04082e-03,8.36735e-02,8.36735e-02,2.04082e-03,2.04082e-03,2.04082e-03,2.04082e-03,2.04082e-03,2.04082e-03,2.04082e-03,2.04082e-03
4.16667e-03,4.16667e-03,4.16667e-03,4.16667e-03,2.12500e-01,4.16667e-03,4.16667e-03,4.16667e-03,4.16667e-03,4.16667e-03,4.16667e-03,4.16667e-03,4.58333e-02,4.58333e-02,3.37500e-01,4.16667e-03,4.16667e-03,4.16667e-03,4.16667e-03,4.16667e-03,4.16667e-03,1.70833e-01,4.16667e-03,4.16667e-03,8.75000e-02,4.16667e-03,4.16667e-03,4.16667e-03,4.16667e-03,4.16667e-03
2.38095e-03,2.61905e-02,2.38095e-03,2.38095e-03,2.38095e-03,2.38095e-03,5.00000e-02,2.38095e-03,7.38095e-02,2.38095e-03,2.38095e-03,2.38095e-03,2.38095e-03,1.21429e-01,2.38095e-03,2.38095e-03,2.38095e-03,2.64286e-01,2.38095e-03,2.38095e-03,2.38095e-03,5.00000e-02,2.38095e-03,2.38095e-03,2.38095e-03,3.35714e-01,2.38095e-03,2.61905e-02,2.38095e-03,2.38095e-03
1.49254e-03,1.49254e-03,1.49254e-03,2.85075e-01,1.49254e-03,1.49254e-03,1.49254e-03,1.35821e-01,1.49254e-03,7.61194e-02,1.49254e-03,1.49254e-03,9.10448e-02,1.49254e-03,1.49254e-03,1.49254e-03,1.64179e-02,1.49254e-03,3.13433e-02,1.49254e-03,1.49254e-03,3.00000e-01,1.49254e-03,1.49254e-03,1.49254e-03,1.49254e-03,1.49254e-03,1.49254e-03,3.13433e-02,1.49254e-03
2.68293e-02,2.68293e-02,2.46341e-01,2.43902e-03,1.00000e-01,2.43902e-03,2.43902e-03,2.43902e-03,7.56098e-02,2.43902e-03,2.43902e-03,1.48780e-01,2.43902e-03,2.43902e-03,2.43902e-03,2.43902e-03,2.43902e-03,2.43902e-03,2.43902e-03,2.43902e-03,2.43902e-03,1.00000e-01,2.43902e-03,2.43902e-03,2.43902e-03,5.12195e-02,2.43902e-03,2.43902e-03,2.43902e-03,1.73171e-01
4.34783e-03,9.13043e-02,4.34783e-03,4.34783e-03,4.34783e-03,4.34783e-03,2.65217e-01,4.34783e-03,1.78261e-01,4.34783e-03,4.34783e-03,4.78261e-02,4.78261e-02,4.34783e-03,4.34783e-03,4.34783e-03,4.34783e-03,4.34783e-03,4.78261e-02,4.34783e-03,2.21739e-01,4.34783e-03,4.34783e-03,4.34783e-03,4.34783e-03,4.34783e-03,4.34783e-03,4.34783e-03,4.34783e-03,4.34783e-03
3.70370e-03,3.70370e-03,3.70370e-03,3.70370e-03,3.70370e-03,3.70370e-03,2.62963e-01,3.70370e-03,3.70370e-03,3.70370e-03,3.70370e-03,3.70370e-03,3.70370e-03,3.70370e-03,3.70370e-03,3.70370e-03,3.70370e-03,2.25926e-01,3.70370e-03,4.07407e-02,4.07407e-02,3.70370e-03,1.51852e-01,3.70370e-03,3.70370e-03,7.77778e-02,3.70370e-03,3.70370e-03,3.70370e-03,1.14815e-01
1.29870e-03,1.29870e-03,1.29870e-03,1.29870e-03,3.64935e-01,1.29870e-03,1.29870e-03,1.29870e-03,1.42857e-02,1.29870e-03,1.29870e-03,1.29870e-03,1.29870e-03,4.02597e-02,1.29870e-03,1.29870e-03,1.29870e-03,3.12987e-01,1.29870e-03,1.29870e-03,1.29870e-03,1.29870e-03,1.29870e-03,1.29870e-03,1.29870e-03,1.42857e-02,4.02597e-02,6.62338e-02,1.29870e-03,1.18182e-01
5.08197e-02,1.63934e-03,1.63934e-03,1.63934e-03,8.36066e-02,1.63934e-03,1.32787e-01,1.63934e-03,1.63934e-03,1.80328e-02,1.63934e-03,1.63934e-03,1.63934e-03,1.63934e-03,3.44262e-02,1.63934e-03,2.96721e-01,2.47541e-01,1.63934e-03,1.63934e-03,1.63934e-03,6.72131e-02,1.63934e-03,1.63934e-03,1.63934e-03,1.63934e-03,1.63934e-03,1.63934e-03,3.44262e-02,1.63934e-03
